len =  8
------Sorted Input -----------
50
0 5 10
1 3 5
3 7 12
6 11 20
7 13 23
14 17 8
19 24 14
21 22 2
------------------------------
Number of data rows =  8
[(1, 3), (3, 7), (7, 13), (14, 17), (19, 24)]

ENERGY COST [272]


ANOTHER DATA SET:
len =  12
------Sorted Input -----------
0 5 10
1 3 5
3 7 12
6 11 20
7 13 23
10 19 6
14 17 8
15 28 3
19 24 14
21 22 2
22 28 10
25 28 5
------------------------------
Number of data rows =  12
0 [[0], [1]] [10, 55]
2 [[0, 3], [1, 2], [3]] [80, 67, 320]
3 [[0, 3], [1, 2, 4], [3], [4]] [80, 90, 320, 373]
4 [[0, 3], [1, 2, 4], [3], [4], [5]] [80, 90, 320, 373, 506]
5 [[0, 3, 6], [1, 2, 4, 6], [3, 6], [4, 6], [5], [6]] [238, 148, 478, 431, 506, 708]
6 [[0, 3, 6], [1, 2, 4, 6], [3, 6], [4, 6], [5], [6], [7]] [238, 148, 478, 431, 506, 708, 753]
7 [[0, 3, 6, 8], [1, 2, 4, 6, 8], [3, 6, 8], [4, 6, 8], [5, 8], [6, 8], [7], [8]] [352, 262, 592, 545, 520, 822, 753, 964]
8 [[0, 3, 6, 8], [1, 2, 4, 6, 8], [3, 6, 8], [4, 6, 8], [5, 8], [6, 8], [7], [8], [9]] [352, 262, 592, 545, 520, 822, 753, 964, 1052]
10 [[0, 3, 6, 8, 11], [1, 2, 4, 6, 8, 11], [3, 6, 8, 11], [4, 6, 8, 11], [5, 8, 11], [6, 8, 11], [7], [8, 11], [9, 10], [11]] [407, 317, 647, 600, 575, 877, 753, 1019, 1062, 1255]
[[7], [9, 10], [1, 2, 4, 6, 8, 11]] [753, 1062, 317]

[(1, 3), (3, 7), (7, 13), (14, 17), (19, 24), (25, 28)]
ENERGY COST: [317]
