248 721948 330
422 198930 1228
458 293753 1740
496 141597 1295
654 986200 438
787 741872 1724
901 251137 1095
909 62052 48
1034 2733 469
1471 236827 672
2102 49766 343
2264 719304 1272
2292 529521 381
2508 124303 1104
2577 851000 120
2659 239095 1476
2747 180162 1041
3478 389790 192
3772 293566 129
3808 427356 318
3907 916542 970
4266 200549 693
4323 551046 742
4417 418588 146
4419 720 896
4666 109438 306
5130 559349 1026
5236 250962 240
5400 414751 13
5638 703852 400
6012 917347 897
6108 751203 1611
6713 75192 182
7042 596022 800
7136 592867 1710
7159 211779 1820
7236 113807 400
7380 820573 2065
7456 845687 344
7645 622584 471
7653 29918 41
8140 472318 1052
8188 477963 1176
8329 509891 116
9259 271041 45
9892 417396 1120
10185 128019 471
10197 224385 174
10242 662612 455
10461 223177 486
10481 26707 342
10634 412678 278
11016 351583 736
11164 317974 550
11358 929041 758
11952 814413 908
12120 581445 1156
12161 193993 2655
12200 244380 96
12219 605171 1700
12326 594106 435
12638 269056 2815
12719 182861 1380
12882 147621 1722
13064 911749 500
13096 580741 1680
13589 156933 1347
13691 935433 51
13954 529955 1132
14273 216124 401
14356 828904 765
14444 807438 317
14742 223719 1685
15253 14751 36
15388 730633 295
15441 217937 468
15468 392698 319
15500 105675 2775
15644 906193 519
16326 652590 934
16689 603829 559
17065 392724 610
17096 234942 1576
17356 968439 1624
17434 433409 168
17459 866550 195
17930 693231 590
17945 666204 468
18122 508252 209
18293 161603 598
18578 7707 1096
18937 717324 1197
18948 639640 1270
18975 950889 255
19024 591041 690
19030 117304 390
19120 195440 3000
19324 806100 1070
19430 985614 15
19537 375402 286
19878 728439 1000
19985 444221 488
20649 495356 224
20775 50523 441
20991 986612 155
21142 521477 1146
21163 204048 436
21325 286137 868
21615 659260 1315
21779 670394 572
22039 259224 120
22178 584352 408
22204 403197 876
22297 345191 952
22343 427533 454
22390 124618 74
22465 810317 1719
22474 43136 888
23307 817864 938
23326 713797 29
23333 903765 2192
23417 711830 168
23707 554246 162
24112 688565 540
24368 23550 486
24446 491493 344
25283 975334 1690
25395 460024 2228
25481 595072 582
25603 907136 477
26365 658525 666
26443 809929 1332
26575 287369 128
26632 864498 756
26729 908176 445
26759 484502 1812
27050 421394 438
27116 121155 708
27304 509232 440
27347 969689 150
27549 146154 1
27753 88882 291
27840 302042 75
28581 649908 120
28762 256274 460
28818 64565 1744
29056 931660 458
29365 242400 215
29563 377588 936
29727 825564 1485
29742 859847 535
29877 615279 1800
30007 508601 1725
30061 820994 564
30184 266150 952
30214 585108 478
30409 270533 1413
30589 739889 388
31023 365629 374
31087 14029 880
31473 42185 1095
31546 657658 280
32753 178672 80
32854 637105 271
32940 473867 624
33586 70773 1317
34168 125443 499
34317 478765 228
34327 954875 2450
34663 815528 800
34861 961984 1645
34913 683314 372
35021 55196 326
35179 161654 1395
35192 404363 546
35496 334933 588
35769 409927 42
35940 450382 754
36565 69929 449
36783 733034 534
36835 133814 880
37026 875715 116
37307 300161 1146
37662 898700 621
37845 844554 810
37883 334461 1548
38081 332328 382
38184 749318 603
38397 95111 430
38649 53989 1566
38953 656169 168
39010 331141 1000
39524 217933 1114
39666 889854 317
40036 836825 1338
40170 119674 1972
40222 860873 704
40444 890695 1734
40681 51745 295
40702 688942 1224
41210 732042 1058
41558 537057 1110
41965 702283 284
41966 685667 164
42031 913053 1310
42173 622886 231
42181 800986 612
42277 354439 693
42607 716528 2060
42685 98348 588
42692 613919 890
42920 356676 544
43250 581427 162
43399 251817 1200
43535 395137 2725
43738 352436 126
44066 391276 539
44383 250726 620
44459 636347 1165
44517 537703 55
44770 596603 454
44773 40813 396
44779 957505 620
44989 272290 838
45013 722922 2176
45435 837666 364
45552 166858 2060
45561 122161 670
45748 89791 72
46148 454579 310
46436 949968 464
46592 245315 1060
46656 69288 190
47100 286737 1614
47550 185174 826
47560 801339 174
48417 244321 538
48638 128677 498
48995 78463 724
49104 788877 1524
49311 579550 357
49423 692507 1425
49519 91443 1536
49640 50644 484
49848 9848 2945
50006 407411 920
50025 445439 186
50043 379580 85
50170 657074 44
50243 983322 256
50255 574588 908
50376 781229 2148
50402 998044 2208
50402 998044 2208
50693 281251 718
50754 584218 705
51128 190765 1488
51606 724626 988
51676 200338 580
51686 200849 2020
51750 918005 500
52431 755999 1948
52444 497215 1048
52617 129169 1305
52842 618821 2835
52913 193095 1945
52938 413818 422
52958 704167 712
53055 715031 25
53195 454125 2745
53318 793470 54
53467 648598 2200
53637 508964 114
53638 839099 100
53774 86491 464
54143 586945 471
54198 229203 194
54223 566288 334
54528 974169 1045
54579 406724 642
55033 704850 936
55177 414830 572
55324 195300 1012
55782 618763 104
56508 133813 680
56569 183135 810
56681 628491 534
56736 725459 20
56807 815522 1164
56932 160610 1470
56932 160610 1470
57093 632573 944
57364 20037 52
57432 485929 606
57552 141807 1344
58560 340709 1700
58587 414180 44
58741 623665 257
58839 506665 261
59133 297345 52
59326 463776 237
59397 98739 1036
59465 473305 2210
59586 646547 378
59617 431352 123
59854 244837 406
59928 830515 856
59976 953576 338
60060 254230 572
60536 367550 527
60627 520558 1496
60629 290478 389
60804 292189 2245
60925 979528 1675
61181 92182 636
61202 331104 270
61217 593959 449
61253 887644 440
61316 835168 1602
61462 131310 50
61933 459662 1805
62036 450453 570
62101 900140 1705
62131 50565 322
62546 507097 1880
62759 984525 170
63172 387406 1592
63363 206950 1160
64088 809120 1086
64129 371427 358
64540 458792 1320
64699 356177 684
64817 755509 2132
65124 796534 250
65506 630713 591
65578 787564 111
65726 887099 76
65910 692737 75
66764 165441 124
66894 685665 2310
66908 182335 1992
67227 897865 1196
67354 509064 321
68445 576754 1005
68485 674640 810
68572 294023 970
68724 168315 198
68876 658941 1996
68936 473828 600
68982 336602 1548
69231 809123 93
69250 228747 1912
69380 91713 80
69423 717801 384
69456 544652 332
69480 304021 1404
69699 277767 960
69735 82093 1077
70073 887432 2685
70221 450689 519
70334 408935 328
70422 927189 1710
70449 972154 282
70716 454472 96
70749 366518 96
70800 522442 815
70899 480705 261
71101 57607 514
71285 85315 2580
71400 146188 300
71574 811744 114
71830 315131 1776
71954 603331 347
72131 234651 278
72424 602583 232
72660 603849 1146
73058 412937 1535
73299 770079 2740
73362 264293 740
73422 748866 974
73542 697522 890
73660 162387 399
73668 479546 1035
73888 649806 194
74504 147459 587
74616 221101 150
74865 827992 630
74878 380392 567
74918 824767 2355
75101 639601 2104
75234 310865 678
75431 980709 1660
75703 641524 36
75723 355486 1212
76297 652856 638
76379 873504 2540
76713 960610 36
77245 529032 2292
77521 671652 468
77963 482770 395
78282 747789 218
78672 707406 564
78706 245013 765
78789 975840 1860
78956 42757 450
79377 832515 183
79648 401081 590
79741 761605 63
79920 399124 1755
80051 890723 2755
80324 194119 84
80457 680887 468
80579 649503 254
80870 142865 172
81357 304193 512
81467 146985 345
81594 965601 240
81734 531590 2268
82159 299585 650
82239 758832 84
82375 108509 517
82656 345967 2465
82683 813040 702
82715 62445 1536
82970 799706 1254
83168 968977 590
83636 656287 323
83747 720159 1240
83909 603798 98
84103 83709 541
84164 477264 125
84237 386497 480
84281 115918 2485
84799 588934 141
84872 460881 1154
84930 716656 1130
84953 364963 1200
85260 923216 360
85312 524187 2770
85678 466955 1138
85847 190753 2020
86075 435435 2304
86375 739702 676
86515 875322 6
86678 123194 930
87135 307567 166
87225 395668 272
87243 429085 1895
87855 10258 305
88084 914758 908
88340 462616 132
88591 843062 303
88629 173377 2372
88751 49657 1106
88818 314601 203
89199 39027 370
89357 386443 1364
89388 364835 306
89630 590877 996
89672 913170 477
89767 230112 1476
90057 318414 1233
90226 815345 714
90321 721126 956
90549 138375 353
90658 276510 1290
90931 406068 2028
91044 693583 1412
91247 84281 2136
91651 624854 238
91693 221496 164
91832 598336 600
91834 511024 166
91970 895103 2068
92277 326090 812
92402 7675 2195
92552 523840 1960
92559 673910 708
93651 73623 1296
93882 716887 484
94018 446622 80
94033 655559 2785
94082 214208 87
94595 835825 65
94858 653771 1532
94896 146773 266
95080 354034 1215
95544 515152 1180
95640 580510 1505
95650 550050 267
95823 270962 273
95942 814710 23
96643 924311 1022
96722 187767 1299
96856 967297 331
97608 502795 400
97714 90178 2192
97760 693637 1212
98221 524700 1152
98305 174860 2136
98332 7752 535
98690 339283 1182
98823 551677 156
99278 268364 1536
99364 392498 384
99764 950494 532
99921 229145 528
100189 767248 1124
100454 670587 385
100506 198821 107
100607 817184 820
100936 255488 777
101044 716081 127
101828 675127 807
102156 898011 1142
103074 269078 2364
103538 785648 28
104754 202158 252
104879 879427 830
104894 455555 306
105090 476754 1752
105120 917131 1748
105673 105700 54
105685 660531 1452
106020 417371 1924
106050 971067 1227
106260 774569 266
106892 744789 1416
107063 632087 686
107148 908599 2700
107293 338932 1521
107296 349362 320
107414 388730 333
107417 975602 898
107420 543045 652
107552 727364 880
107648 644605 489
107670 344176 485
107992 900638 1401
108136 604601 1156
109198 154569 183
109285 313464 342
109599 920493 2060
110534 347696 684
110629 730792 2760
111061 426973 314
111338 558958 345
111611 51336 2328
111742 614526 1338
111790 252174 52
111821 30434 440
112236 94318 1308
112263 776719 464
112495 115169 494
113504 19270 333
113675 757854 141
113707 887552 1428
114137 428932 63
114643 836562 244
114675 656938 1140
115159 24561 193
115261 473093 71
115421 29335 2068
116543 384354 484
116556 409745 714
116934 13161 1046
117174 904017 993
118077 439741 2120
118334 690553 936
118639 607334 1428
119181 323430 840
119189 551343 2180
119301 456594 392
119509 699098 111
119806 58687 400
120370 304150 342
120733 586406 722
120780 441231 1012
120919 774405 146
120978 375455 974
121736 957234 470
121936 254117 452
122027 69559 680
122171 605819 452
122357 415144 756
122416 458717 1186
122884 979442 1016
122906 336848 890
123194 676327 1756
123240 183606 819
123388 461580 684
123596 575781 144
123711 286992 1494
123736 605775 1088
123751 66912 444
124117 482674 771
124198 772339 171
124406 728637 259
124581 266057 399
124809 571728 12
124944 418493 504
125003 582495 60
125064 258971 177
125102 572147 564
125286 963203 1805
125684 332436 1900
126089 891743 1194
126185 451974 768
126230 353994 262
126313 672012 3
126511 253839 896
126583 179428 280
126634 636924 988
126786 127078 216
127006 271949 2215
127043 98121 2052
127273 85514 1010
127390 225504 1158
127818 798974 300
127862 216092 68
128155 396306 982
128165 728545 252
128308 62297 196
128343 949084 260
128511 599173 2330
128594 593149 72
128908 691180 2435
129008 537654 598
129287 997814 1770
130272 921699 886
130394 170070 513
130890 313320 986
131111 908798 840
131260 835333 415
131327 375161 1344
131327 375161 1344
131383 550631 1115
131540 902057 477
131619 937681 564
131967 174594 1804
132467 956389 17
132473 533233 1065
132536 829030 4
132537 191338 965
132543 219975 1530
133076 304988 1683
133638 670579 1713
133677 770049 532
134466 429290 226
134593 403899 1356
134634 430769 245
134686 205948 276
134845 103706 840
135185 851169 221
135251 667879 328
135307 31028 878
135538 879109 1128
136046 352675 718
136172 784796 666
136299 964477 957
136384 427820 718
136415 393904 1530
136627 83538 1704
136652 85805 2725
137635 570383 2950
137635 570383 2950
137678 115756 597
137890 805991 1504
137975 151712 795
138022 180247 500
138583 378791 359
138670 708010 556
138676 936091 1404
139034 632113 950
139047 140727 107
139303 831795 760
139461 658587 1484
139734 932192 383
139839 865559 210
139994 19757 880
140000 971634 2012
140047 764956 1596
140517 538933 396
140620 302805 423
140954 201091 1458
141338 514158 1732
141359 846750 638
141373 939818 317
141603 434115 936
141770 140367 1101
142553 333173 2324
142556 322665 1515
142779 811607 1372
143232 450816 664
143248 833273 270
143428 461981 90
143468 815823 258
143787 780993 340
144094 703959 980
144173 807426 294
144289 283636 84
144419 943514 370
144747 150194 1584
144945 358123 430
145018 515143 520
145371 295837 1605
145483 791229 2256
145936 658281 620
146063 1930 1836
146113 1140 1765
146153 242458 300
146507 131514 655
146640 193269 933
146854 553067 2345
146872 645437 320
147047 995288 84
147175 600579 436
147370 992467 2124
147559 43837 906
147649 223216 2310
147872 411215 298
147898 634886 222
147925 371456 109
148088 335385 1284
148551 797594 852
148928 529947 265
148961 120168 724
149451 50262 460
149592 966009 261
149666 340607 636
149797 31961 830
150181 39087 77
150287 149107 730
150476 663597 453
150505 87710 1725
150713 739493 903
151238 683360 96
151447 583507 801
151573 417368 182
151618 224552 728
152139 828717 218
152364 637731 2605
152691 600311 987
152786 738640 417
152913 626530 960
152919 394064 340
153005 968186 1084
153050 635636 1782
153094 725076 2515
153519 123935 1017
153970 260209 272
154170 450545 2935
154508 509564 753
154878 770552 372
155097 693884 640
156138 806774 862
156222 187606 730
156394 686338 1776
156417 181425 765
156455 643916 558
156479 863443 2280
156484 127062 552
156569 559750 768
156936 641205 2200
157112 319820 202
157150 611409 608
157248 911116 1840
157449 279639 1128
157656 761334 369
157741 121112 758
157864 340209 474
158151 392564 422
158364 625411 400
158791 668720 1195
158798 535835 715
158809 189201 414
158916 818068 412
159043 614575 407
159069 188340 1605
159341 951117 94
159445 985750 120
159552 638679 1048
159912 915814 2055
159943 726786 1689
160120 301945 1628
160245 458329 896
160412 44257 1557
160894 336665 798
160919 357674 1508
161005 345983 1395
161024 824979 500
161124 184610 618
161189 54653 296
161286 708410 2148
161442 414719 622
161620 669648 575
161765 692036 825
161896 480019 2296
161947 763364 950
161988 654773 517
162229 705919 712
162321 496498 175
162324 253735 534
162971 203939 1810
163041 895073 1316
163189 849515 389
163464 166777 436
163680 518213 151
163979 272208 146
164455 261152 252
164920 312437 1488
165212 694625 285
165296 339652 1004
165317 88302 2235
165931 881973 2400
166110 607627 960
166343 952354 2585
166509 132181 1686
166668 644610 515
166803 6307 1180
166883 996550 1422
167290 274995 1592
167548 406103 1719
167550 303492 906
167742 115615 354
168249 600941 990
168289 901485 94
168573 72069 460
168814 902365 164
169010 921616 336
169195 216586 1056
169899 451265 222
170536 621495 1888
170541 450775 123
170868 397197 1488
171202 560101 198
171208 559340 1104
171346 55502 890
172330 769186 1245
172625 905681 1328
172697 909404 400
172748 961309 1146
172784 630627 862
173231 243180 384
173603 831571 986
173607 769056 630
174143 765637 571
174326 570119 598
174386 834692 762
175234 157502 106
175473 927664 2330
175977 968640 948
176079 432630 1100
176941 435901 1956
177263 149945 2470
177630 320150 1668
177797 780556 747
178233 676974 521
178393 341584 2715
178501 329501 1480
178652 724949 369
178697 265880 1708
178722 981240 444
178771 772921 1790
179107 173093 1380
179250 555846 405
179288 397767 1068
179396 351075 946
179558 505699 82
179815 687212 1623
179997 936469 540
180070 697068 1045
180499 346105 1564
180566 868591 792
180604 831126 704
180726 532451 592
180750 824648 1046
180829 567862 1532
181123 395173 413
181238 184252 401
181272 890487 1064
181298 859946 1581
181576 509639 460
181837 957237 1002
182326 830970 656
182516 699715 589
182618 731237 1795
182631 292402 130
182841 770887 756
182973 597775 1272
183012 896171 1516
183333 839672 429
183343 119235 1192
183515 150330 447
183851 600585 100
183894 578495 1600
183968 910359 843
184102 541370 84
184120 272007 488
184228 799749 292
184404 320754 1077
184471 476015 1080
184482 475674 1560
184577 159977 2125
184612 515814 688
184733 355692 108
184736 97961 741
184761 958167 1432
184783 897633 304
185039 826740 1352
185191 57054 988
185352 450584 38
185441 18866 288
186374 443863 494
186497 383863 930
186900 377278 281
186950 846186 1392
187241 208380 534
187252 480224 636
187334 330314 1280
187412 272407 1500
187652 909473 724
187783 590952 1062
187805 444256 432
188407 718741 3
188407 718741 3
188437 903621 705
188475 263020 1845
188780 815832 528
188836 869169 450
188994 992230 684
189095 290533 1540
189517 68976 504
189580 13567 471
189623 659295 992
189794 495716 362
189910 45169 1950
190252 396877 291
190349 799109 1308
190393 869115 174
190415 369696 431
190538 793410 890
190982 404760 932
191145 752532 630
192067 676051 1170
192075 769838 825
192706 228658 358
192917 673447 526
192958 857946 756
192965 15848 1190
193039 974554 1640
193194 240472 392
193462 556848 1952
193746 469002 185
193814 610813 555
193852 91256 27
194015 244537 105
194067 529903 82
194077 782460 2075
194234 533100 2125
194442 86896 654
194794 995335 444
194840 25815 840
195719 582275 30
195790 281114 502
195953 157262 750
196272 655180 1224
196930 230489 1383
197125 211748 365
197180 1029 1500
197209 830092 1611
197212 502742 1434
197557 597578 564
198448 334054 57
198590 663539 1305
198623 76274 1102
198714 800898 139
198886 467976 1695
198887 19663 699
199471 164134 775
199685 240335 762
199758 153002 89
199796 600036 630
200016 307346 741
200044 125389 2320
200159 640471 340
200318 128336 1036
200344 162809 1455
200405 428449 632
200605 468257 138
200723 387932 252
200862 451216 204
201069 7616 1148
201568 843106 394
201576 617794 124
201916 894926 400
202074 12933 204
202098 454656 116
202434 17887 1812
202478 756530 740
202666 716624 1194
202729 637289 2044
203231 895323 40
203402 992912 1584
203523 126752 878
203577 942527 1179
203830 107428 1608
203945 433913 123
204556 429001 906
204590 10496 60
204634 243279 438
204655 808390 1130
204761 321242 572
205810 881207 385
205826 864642 2104
206481 381896 308
206626 583281 84
206629 654410 47
206660 312923 434
206995 321111 1136
207073 579698 902
207106 298744 583
207197 894511 130
207228 800877 1440
207492 548488 990
207663 144520 694
207700 979911 78
207846 561619 36
207944 473062 537
208264 249596 164
208468 913673 526
208579 412719 486
208696 500787 444
208702 741326 344
209107 343980 2004
209121 66036 530
209385 375096 552
209422 637422 1148
209729 576514 964
210172 685223 533
210282 588493 443
210656 391227 820
210688 850356 24
210964 242648 660
211044 731693 352
211135 741298 426
211324 74351 926
211383 610729 1050
211394 698118 236
211708 215500 845
211727 851224 824
211869 481042 815
212095 479893 837
212264 663866 512
212295 126474 244
212466 436361 150
213278 311369 772
213428 876830 2665
213672 573820 725
213759 509835 1144
214179 263125 2300
214319 946158 1464
214621 661278 804
214636 43463 1065
214852 876060 845
215331 471061 352
215362 591259 438
215723 788420 442
216058 444151 219
216234 62042 1740
216410 105774 356
216690 20235 1785
217376 879590 40
217584 921731 1124
217820 41679 1407
217829 300291 2580
217928 772169 1600
218121 156991 1791
218197 834014 88
218288 580040 1090
218714 741551 1137
219040 37802 1980
219094 692979 367
219265 24637 382
219456 814683 295
219465 716077 1836
219646 131136 738
219854 753369 475
220223 922820 1796
220296 230624 1536
220301 708681 368
220571 414507 1720
220765 604039 1844
220853 515166 1860
221026 289533 1413
221140 574058 830
221202 622875 489
221204 882029 1161
221276 168297 1110
221455 128838 1060
221622 589428 758
221706 812838 492
222107 129165 785
222309 436794 1158
222725 320815 904
222754 915045 1744
222913 91933 202
223015 975724 750
223082 50271 795
223162 534667 359
223179 648027 765
223217 446132 625
223382 262980 225
223499 856012 314
223606 549563 215
223934 709474 716
224031 724034 356
224194 55688 1022
224259 88650 930
224298 741497 645
224370 193352 1161
224559 737171 624
224777 316222 26
224908 558839 135
224925 148154 1515
225156 77805 2800
225896 799627 1720
226057 546956 1132
226129 829985 2110
226263 706434 832
226549 621130 446
226779 695968 2380
227915 633325 446
228234 67826 1797
228269 683639 1077
228300 896952 1280
228463 243221 1620
228881 490033 494
228905 282112 786
229009 392797 2930
229571 602052 1040
229572 924310 138
229743 175734 1044
229931 952874 952
230028 831566 31
230112 601117 1578
230347 246437 1044
230517 160040 640
230523 779835 584
230570 83148 492
230713 65034 217
231199 890708 156
231506 610359 726
231508 709938 219
232085 515471 256
232124 178274 164
232143 59741 828
232323 79553 176
233071 657118 2220
233147 302002 2288
233265 435475 994
233430 654204 495
234005 131474 735
234009 336276 2450
234016 815998 1810
234512 521642 2268
234548 924826 387
234737 607585 1311
234963 553428 1445
235352 95739 445
235539 748709 1160
236358 415377 268
236389 265731 437
236424 646858 1704
236491 861374 912
236722 73555 2485
236793 287335 300
237073 766485 122
237105 237114 41
237149 354116 249
237655 683678 660
237813 34270 204
238043 486445 1975
238576 1070 180
238603 660776 254
239110 997122 150
239569 755389 945
239954 871994 2375
240080 236968 875
240872 792450 130
240937 594215 1328
241114 238208 1659
241130 139461 474
241153 467403 795
241413 151508 540
241568 560191 187
241733 931998 380
242104 466136 446
242185 421402 498
242308 138857 274
242326 851440 23
242516 12669 1524
242522 492852 473
242816 742034 465
242988 527306 972
243060 657376 219
243254 974756 600
243537 177979 728
243539 990003 625
243783 360670 1230
244057 515371 180
244221 27322 206
244320 33084 144
244356 922536 185
244502 806939 1865
244516 43555 312
244634 179063 1830
244860 526092 696
244876 126041 1071
245050 35557 1890
245166 126189 20
245636 929145 556
245681 807980 348
245725 336026 2276
245857 22796 966
245948 499723 294
246089 596347 524
246146 289755 357
246186 98435 260
246619 929561 1316
246657 628832 190
246695 38746 1047
247014 214102 1290
247033 71216 467
247365 355316 630
247795 696974 153
247886 440013 832
248481 538165 1456
248522 661992 1255
248670 691852 1536
248810 992516 528
249514 643350 764
249618 840518 975
249646 710977 1320
249791 681391 284
250007 333543 1980
250061 932814 502
250167 412167 1456
250322 605745 1731
250360 883510 568
250512 832809 271
250565 824017 865
250602 557105 886
250673 452554 380
250722 765046 1323
250772 71197 481
251320 973982 1764
251379 396698 2300
251517 310265 816
252122 189233 1191
252333 690740 164
252615 78380 1668
253201 672809 2270
253468 85391 1314
253615 193994 710
253622 150564 176
253658 248021 904
253891 99165 1710
254134 632233 801
254386 854565 1256
255229 524778 2445
255244 614677 90
255287 526812 1232
255339 422685 1024
256044 163501 1248
256604 170830 1445
256806 785685 511
256963 35230 317
257347 814680 978
257545 179355 248
257604 922991 2655
257755 11944 2930
257968 727658 155
257970 477214 220
258794 558321 1506
258944 505029 114
259104 80789 332
259440 45343 1320
260141 941072 1473
260458 475130 1704
261089 393127 144
261141 144662 1865
261666 923533 2308
261709 328462 72
261948 934529 662
262091 743340 1539
262396 42252 213
262450 469019 1355
262550 167240 1428
262651 735399 1300
262755 306261 1305
263329 832366 579
264108 156717 714
264234 884390 300
264244 925680 486
264416 861631 2192
264493 319590 1610
264538 875444 1275
264585 291936 708
264789 825630 64
264876 290721 974
265032 349585 126
265099 342561 358
265294 579354 1512
265430 232252 128
265453 519697 2650
265466 621598 864
265674 709598 1788
265912 340164 60
265924 27669 1288
266050 305248 2885
266135 195826 72
266241 143456 896
266388 867461 212
266611 718384 393
266821 446212 615
267018 354700 442
267131 226439 1550
267231 270859 132
267276 875733 2300
267443 366162 304
267755 262166 300
267777 501238 960
267980 569226 162
268293 996175 117
268433 994848 830
268487 954548 2470
268493 458947 134
268667 869546 1758
268747 564004 684
269205 591518 912
269312 318960 2380
269842 866322 553
270062 753137 1475
270164 938686 534
270621 361779 1452
270646 658843 1078
270670 952533 398
270689 23573 741
270727 648726 1240
270880 662999 1044
271032 572622 1620
271506 262147 481
271569 330856 531
271630 350264 262
271866 794133 596
271871 985125 1116
271885 250411 1050
272062 266858 2350
272082 793437 2145
272107 909495 2475
272119 658298 2770
272512 975353 1860
272575 758173 670
273418 876169 498
273627 982888 1653
273742 966611 608
274068 124429 693
274195 547562 500
274448 100883 1287
274501 361557 678
274597 667756 604
274883 944037 262
274941 880994 2575
274966 345931 42
275737 469872 1134
276080 78920 524
276631 923442 155
277287 822436 1167
277877 765470 280
278094 141829 2280
278376 696127 128
279060 755720 303
279249 267717 1944
279263 614684 634
279772 252475 710
280127 385873 768
280537 557681 1280
280612 856921 2715
280863 379320 2395
280892 156277 695
281069 946848 2396
281850 626228 1689
282027 682729 330
282039 862486 692
282062 68836 782
282102 87468 675
282162 928992 1435
282444 65929 57
282938 541984 1008
282953 267503 60
283179 68974 38
283342 39962 1314
283389 337302 30
283594 468104 505
283807 726465 352
283887 460412 2012
283923 894826 1360
284189 148694 715
284239 815009 2200
284291 671622 2205
284512 934847 1176
284885 4509 972
284908 413296 1325
285049 459811 1908
285496 380374 1134
285619 148970 210
285685 148151 279
285703 765032 123
285820 332751 510
286022 144245 151
286199 997098 456
286494 567743 654
286527 51644 1548
286968 507083 1336
287202 691566 345
287241 121992 112
287260 554993 1572
287342 43148 684
287857 90927 269
287974 887205 2390
288129 674432 213
288294 632431 117
288636 869566 1140
288746 766945 145
288794 350883 540
288888 660570 114
289062 325839 368
289104 287297 987
289458 53865 364
289636 421610 479
289966 469106 1245
290022 561394 213
290089 292385 354
290135 179771 639
290225 533521 1532
290234 101143 536
290608 27077 108
290748 659997 102
291061 895777 2445
291248 35029 366
291293 914780 900
291296 288810 256
291305 719993 163
291449 107594 531
291559 197742 530
291740 205149 1677
291759 17460 1
291821 985930 2252
292161 414749 1296
292267 31683 596
292272 619959 1404
292341 103673 599
292970 873062 5
293173 817466 1098
293249 234329 320
293381 436321 235
293523 395262 96
293538 515528 6
294398 714488 2110
294669 153242 740
295174 82727 220
295516 470273 200
296317 971024 1210
296393 449379 455
297037 574400 308
297231 957173 1876
297332 726582 864
297620 588169 780
297754 638313 564
298161 524299 219
298193 977470 349
298659 499126 288
298795 387791 1748
299455 227003 1120
299588 784974 155
299775 180528 29
300232 469354 122
300468 135462 277
300899 769539 1770
301277 322068 1215
301430 856847 580
301538 870154 958
301606 422599 1779
301663 466442 2935
301731 616510 614
301755 928255 54
301967 683273 1272
302118 576109 24
302220 356823 115
302361 600227 1784
302477 181279 1587
302664 737964 124
302806 258225 2350
303016 419098 816
303039 919613 2105
303158 434632 2284
303670 340435 996
303748 778743 138
303808 499705 68
303937 584777 1380
304150 656244 1460
304427 636078 475
304671 411047 2052
304705 347122 1020
304937 379615 2935
305314 404267 1785
305361 334421 178
305940 421920 910
306000 878957 60
306158 210545 1865
306189 881547 326
306312 884639 240
306813 328684 264
307099 487528 1585
307199 656189 1072
307281 650774 2760
307401 947440 664
307651 554652 1764
307769 724108 570
308172 332589 2740
308284 223363 146
308382 757801 376
308917 974093 122
309969 802822 222
310016 282090 153
310061 180614 1632
310108 241866 298
310183 136934 1410
310321 919746 1158
310592 798547 276
310639 847033 764
310983 67869 1545
311504 650109 1620
311541 781944 601
311564 665534 928
312025 63179 28
312065 564129 1084
312117 89437 400
312489 679359 1458
312802 941136 192
312827 649044 20
312859 568116 2590
313122 363317 654
313274 759090 796
313767 282309 207
314020 19464 434
314091 522879 566
314398 443464 627
314539 543987 208
314546 943744 253
314646 132886 1715
314801 136111 260
314866 997753 1086
315021 143521 106
315074 23986 1395
315199 231588 164
315216 176358 1116
315305 754787 340
315448 49429 434
316067 990825 1805
316209 165466 510
316216 52737 480
316860 713777 618
316888 790879 64
317541 623334 3
317864 70363 568
318003 421250 1028
318041 480550 1689
318330 761133 393
318365 283038 1188
318461 977569 1904
318552 118566 2445
318770 560767 438
319249 553846 216
319268 782815 975
319506 857997 2036
319719 155109 24
319733 809563 113
320102 424112 548
320199 763764 1512
320234 995526 970
320395 272256 780
320472 141453 1996
320589 336360 842
320638 581766 597
320696 710235 1705
320827 532381 463
320897 930277 1460
320956 473595 884
321154 8390 202
321157 820813 1960
321208 410180 906
321404 38063 720
321463 763572 1990
321578 44886 348
321649 156650 2140
321774 109537 1017
321825 766578 1450
322362 518883 345
322522 430614 358
322563 212755 1380
323226 854396 660
323262 379729 591
323609 28117 1385
323678 139535 976
323857 53856 219
324040 633790 415
324204 283980 186
324310 792969 1080
324681 680001 1776
325471 480777 1430
325655 823497 368
325684 563523 1476
325916 326455 257
326198 647656 242
326858 459474 675
327179 725081 358
327327 489433 1810
327378 269771 1377
327625 111931 564
328309 826900 1935
328426 276998 1835
328540 895364 644
328618 848875 1664
328878 161574 132
329205 282420 774
329357 293322 365
329446 86153 390
329653 250125 2028
329672 87794 1707
329760 918718 750
329994 60039 222
330641 333835 194
330679 10373 564
330765 490105 274
330969 48781 1456
331203 747731 760
331532 857933 2085
332041 887426 555
332056 157685 535
332137 591197 2115
332496 543422 2180
332592 796708 2070
332914 42401 228
333048 33111 358
333069 533372 83
333190 582126 1570
333206 234160 576
333449 524439 658
333604 874992 765
333738 316962 370
333796 986790 211
334035 690711 1870
334074 152858 494
334332 727712 2590
334345 222435 1640
334979 63392 116
335064 246919 262
335085 18115 370
335457 948806 993
335601 664369 824
335622 690266 1209
335767 525883 298
335786 336865 2425
335804 569050 975
335826 255397 612
335902 515272 328
335939 303884 408
336047 945625 750
336060 46829 1179
336214 830147 516
336215 101342 298
336337 123917 181
336380 864808 101
336399 225153 490
336403 247187 1704
336692 70726 912
336781 983741 1320
336941 702233 62
337292 280020 1240
337402 54287 192
337470 656810 1880
337888 582404 137
338425 201316 1779
338615 681300 586
338618 446237 2560
338692 453946 1095
339241 107690 1084
339244 545608 618
339401 649207 184
339937 627003 532
340051 446456 458
340144 655827 1497
340369 650776 1293
340448 730120 384
340619 858669 948
340853 492332 1104
341041 59682 549
341361 198954 1518
341497 982159 480
341619 285365 960
341647 773324 179
341729 312138 1722
341994 360759 424
342024 207562 1460
342103 666009 165
342188 267399 1072
342203 492563 1140
342572 478103 1568
342680 541793 116
343210 845613 572
343222 134735 101
343251 864124 1791
343296 721499 428
343336 257077 1419
343479 967812 220
343725 327770 1772
343782 638949 696
343971 226227 510
344003 447366 152
344072 529817 2156
344079 346187 47
344117 744260 350
344206 184820 208
344315 927578 1780
344405 372604 832
344584 534006 956
344602 851590 64
344901 419199 2252
344953 167632 420
345107 948353 2220
345474 931111 2048
345704 695083 402
345714 878552 2340
345772 163391 2100
345910 391860 1392
346075 22349 580
346140 199082 392
346384 954958 756
346433 153225 220
346612 212630 366
347010 995096 165
347468 577984 625
347590 325198 1034
348185 6173 130
348387 91095 1092
348416 194727 493
349042 970018 313
349543 301618 24
349718 708432 491
349949 855709 836
350002 895793 993
350403 730448 1220
350595 646108 497
350602 111170 436
350613 212190 482
350785 471078 356
351116 981840 531
351119 163852 776
351192 397002 1005
351399 698308 195
351572 69875 528
351861 318426 192
352050 215936 1722
352316 639418 166
352394 151973 400
352507 244516 459
352618 359454 540
353046 968336 835
353185 492907 30
353369 929124 850
353732 557630 750
353791 702424 1092
354033 132253 286
354208 270589 850
354233 665055 615
354272 449420 2132
354479 829532 808
354574 220776 475
354672 807009 525
354867 264863 1480
355001 85464 2368
355066 900379 2465
355183 633146 1576
355241 173165 540
355490 174664 278
355656 508757 225
355787 326327 1644
355949 776458 1176
355959 44594 633
356023 241133 19
356075 214325 1132
356199 250045 1270
356540 376129 415
356606 80159 956
356706 644825 16
356724 107660 1194
356800 918262 42
356991 294935 2148
357297 627596 353
357693 3336 589
357891 846543 1272
357973 441816 1168
358363 208494 52
358506 121739 12
358520 181885 2348
358789 979716 96
358968 548289 438
359319 246212 355
359751 472016 932
360086 890745 1016
360260 939856 45
360335 320371 1345
360436 563044 1000
360564 49733 642
361310 663902 2655
361331 530166 495
361416 651141 2845
361614 209771 772
361955 184641 826
362936 697247 1311
363015 422323 1028
363099 716997 1689
363405 434102 538
363957 475377 2215
363965 980042 51
364034 978064 532
364428 600143 1194
364563 787267 2605
364733 829824 818
364782 424664 1026
364821 823704 2155
365442 12621 1608
365675 535917 1464
365956 789037 123
366086 25332 245
366460 230923 210
366494 468772 770
366785 509859 1400
367023 811671 992
367745 960098 290
368397 81450 465
368466 842137 882
368743 578947 1194
368843 449868 1138
369027 575406 1509
369206 519936 424
369265 772493 215
369509 640903 1380
369971 554212 524
370001 885321 600
370137 581488 1152
371069 266620 1140
371332 565644 95
371347 723240 1656
371592 886936 355
371690 200233 437
371776 889874 225
371834 368941 392
372188 720120 307
372287 996000 1496
372733 830564 1225
372980 354508 1180
373106 674664 912
373144 243553 1196
373725 415285 22
373846 503020 25
374106 708922 2615
374122 916227 960
374605 69754 57
374820 494600 557
374825 52832 1940
374968 184512 1640
375116 684418 1276
375154 717967 528
375650 61386 210
375838 432815 5
375916 225180 72
375978 893279 1935
376046 666748 2820
376997 706024 1736
377354 94540 2610
377382 647637 407
377524 563714 1749
378250 398406 1200
378432 772210 2088
378508 166813 304
378521 608809 832
378721 730597 714
378841 884049 1000
379028 617178 720
379170 345688 2324
379351 887971 1080
379532 362547 2368
379563 479252 1855
379666 773799 351
379760 318769 434
379807 329712 177
379825 16339 26
379848 947996 895
380125 315585 1533
380317 491383 585
380697 465131 2376
380823 644768 74
380899 672194 72
381055 183133 1506
381135 902484 1665
381172 208050 530
381206 722310 1359
381588 587438 290
381735 405117 926
382181 507442 28
382239 220983 650
383006 921947 1020
383058 475593 644
383110 50112 261
383195 14211 771
383238 54596 1194
383261 376065 227
383677 919644 1434
384233 796196 405
385055 592243 1056
385256 266162 27
385617 886620 1737
385716 818602 2248
386015 235915 1128
386080 639984 165
386102 365337 555
386337 552906 1015
386489 292432 273
387008 367066 1124
387222 342140 146
387265 980467 1040
387354 845961 692
387522 348779 594
387614 611456 1945
387633 886939 2835
387675 360162 822
387680 605359 562
387719 749943 176
387763 125579 1172
387857 129131 1611
388078 207314 344
388172 823209 642
388297 467950 546
388397 757520 489
388488 630189 1108
388518 301931 1340
388523 507648 1143
388761 548407 518
389022 465821 53
389565 204908 1265
389598 877915 233
389672 405440 42
389673 803676 28
389750 107421 256
389779 283406 936
390123 585694 2890
390240 492263 405
390279 890128 2895
390622 255304 17
390737 751025 169
391022 45152 815
391054 923086 1168
391377 82705 1320
391512 146145 627
391527 520879 566
391685 150775 310
391850 510945 75
392048 78851 895
392211 388411 570
392306 153017 490
392353 262546 750
392359 298249 56
392379 72426 1192
392602 310511 760
393055 453440 272
393408 619300 294
393598 982461 511
393894 672372 810
394135 559931 736
394224 73895 706
394592 549832 545
394619 291275 1054
394639 246569 2115
394742 280520 1179
394760 969973 60
395166 15679 175
395355 991400 275
395396 772605 1935
395643 792815 222
395739 80171 2615
395802 17190 1002
395815 313159 357
396238 933150 849
396667 923305 1412
396780 991285 240
396825 331607 808
396838 301328 255
397233 611528 193
397277 216866 912
397970 705424 1779
398106 445811 744
398134 832254 1312
398215 179723 654
398312 2320 84
398539 634495 1316
398772 374718 596
399218 464821 562
399887 189943 1600
400057 35201 9
400210 251069 1512
400648 895343 589
400786 344674 718
400897 943146 735
401193 73656 702
401295 471689 1035
401679 469732 412
401723 419679 1530
401949 350208 777
402111 488112 544
402144 387734 15
402592 96328 1544
402731 185054 15
402759 510966 840
402779 292751 1770
402844 497551 498
402912 808436 408
402951 265094 62
403138 158999 603
403202 688959 1036
403447 108364 912
403672 227042 1972
403780 880629 193
404181 870219 1692
404527 464928 416
404654 747235 1985
404865 100059 885
404897 655162 748
405286 790239 285
405419 254489 515
405530 691200 728
405561 321635 962
405786 846102 513
405817 395501 146
406020 355876 445
406510 74198 2690
407091 734266 246
407181 411675 459
407556 918801 1260
408006 966021 660
408099 211242 834
408151 876842 1184
408194 991003 261
408266 464900 802
408853 109641 84
409192 342492 608
409496 456236 837
409507 780388 924
409878 544287 502
409906 380159 622
409923 730495 213
410125 191148 332
410159 633069 663
410348 836545 340
410470 302151 1680
410534 675589 1480
410642 678293 345
410817 817913 356
410917 680491 1652
410967 111358 100
411173 993323 1588
411216 819593 1005
411659 221436 928
411700 61086 2295
411741 783644 204
411803 201277 1245
412233 59776 760
412400 676650 572
412630 479763 96
412682 81862 536
412771 528078 704
412925 315340 141
413031 246052 1635
413607 189590 495
413673 605334 1480
414136 209206 1020
414163 736852 1052
414317 807830 155
414408 310895 1515
414687 268741 616
414738 68670 370
414757 796844 145
414955 573360 587
415008 538371 1655
415138 520741 579
415211 460290 172
415274 183045 408
415310 672624 410
416249 588961 396
416434 5632 232
416442 34833 1012
416560 40664 1482
416758 503816 193
416836 264992 464
416867 953908 306
416890 7509 129
417271 342302 556
417277 760866 1296
417574 663930 744
417727 284270 2315
418003 975364 930
418286 221651 58
418325 845303 1413
418515 611883 1125
418636 501854 81
418707 465180 1195
418807 342760 752
418826 135609 355
418853 79347 1955
419051 253979 714
419300 454311 2275
419373 814819 588
419497 296874 2228
419523 401984 610
419750 343717 1684
420741 699876 282
420868 313458 1797
420929 188682 735
420933 659601 1104
420993 409350 790
421106 930677 468
421131 546521 2900
421236 411208 1955
421248 797885 1944
421408 958216 946
421449 535716 1701
421738 739934 819
422006 145515 994
422066 874199 381
422173 887323 1088
422210 290068 230
422494 582368 85
423327 828040 1236
423838 389084 2805
424322 274423 355
424338 335924 490
424456 344416 1720
425484 221160 395
426045 159170 1137
426276 805033 2312
426728 307727 1784
426816 265010 442
427079 919222 372
427250 433377 1650
427252 823625 416
427461 200096 260
427722 192951 102
427753 387342 240
428291 683083 177
428699 199444 2785
428706 135664 826
428774 677647 1287
428887 53524 469
428911 645020 2855
428936 535373 16
429064 480688 2372
429294 321896 492
429523 236680 644
429614 907656 540
430163 688297 165
430194 477236 824
430256 685343 1008
430328 588964 374
430578 910026 1088
430639 370397 1704
430720 38874 225
430850 386075 359
431030 486929 2348
431086 143090 2685
431141 549793 321
431311 30050 1615
431367 740729 112
431617 826280 1315
431702 416684 372
432041 946187 2116
432080 760000 930
432385 127048 1656
432385 127048 1656
432415 492789 1865
432814 451977 1530
432827 639113 2655
433191 649633 172
433325 232485 684
433564 204910 1062
433746 996848 1065
433790 634673 418
433803 274905 1828
434061 849523 93
434185 295162 1479
434309 596565 936
434327 285717 32
434353 246057 421
434614 746972 1365
434859 83155 1320
434978 108017 369
435381 135062 596
435412 386801 1248
435755 780034 524
435930 867945 568
436274 166377 2230
436286 90389 68
436408 928357 700
437130 112838 1725
437331 718560 495
437487 35147 504
438010 952607 1305
438862 69252 540
439211 625556 346
439597 333350 720
440076 185189 1359
440450 836224 870
440724 663934 1812
440840 775825 852
440978 572411 572
441030 356512 626
441054 127825 552
441466 297823 345
441524 249219 1098
441632 953863 426
441668 862155 43
443070 516814 592
443127 335640 1110
443255 744253 2240
443369 122479 610
443434 244982 318
443740 396052 1565
444040 220664 465
444078 75362 128
444099 960465 467
444295 710002 281
444839 627680 1120
445074 712483 2370
445253 937075 246
445563 140049 1176
445690 411135 1479
445725 725357 322
445996 765300 4
445998 893642 224
446007 763597 783
446007 763597 783
446488 483386 819
446602 114435 298
446750 220534 714
446829 125327 1125
447328 515202 1430
447472 619749 790
447523 763993 375
447749 861725 962
448887 733176 449
449288 214862 2172
449299 107744 1344
449370 35604 432
449958 807684 1160
450005 645302 2980
450168 847212 888
450299 568712 738
450516 283205 504
450565 844990 92
450650 19476 452
450652 727733 272
450738 94991 396
451148 818506 865
451154 2783 206
451210 478067 1551
451408 873477 1275
451561 212647 905
451671 211705 1710
451718 776356 1068
451918 141961 191
451978 417003 1707
452030 491931 49
452064 507659 969
452123 950396 1293
452347 932952 567
452459 905253 1194
452673 613249 603
453226 226336 219
453273 419105 54
453304 442063 395
453394 148510 1688
453576 974532 435
453581 698554 906
453817 40745 301
453823 431707 2830
453856 972647 215
453888 563543 95
454220 760797 1257
454424 319517 44
454424 319517 44
454540 926076 16
454644 79875 268
454668 815213 944
454887 843398 2035
455402 928830 1071
455957 866352 665
456156 185244 1383
456202 403126 790
456397 504577 1968
456879 530310 2980
457380 333379 945
457762 20940 582
457881 480711 152
458124 46178 430
458230 96216 2880
458528 951154 1215
458573 404186 2030
458726 880587 2505
458813 828574 910
458981 621325 111
459249 461247 403
459301 755426 360
459334 672624 348
459467 27019 774
459909 611760 225
460204 303204 376
460304 19410 1305
460844 588372 742
461155 570999 1044
461409 403581 1772
461482 343843 2368
461629 688132 4
461803 684995 2990
461963 782860 665
462055 278132 1275
462219 778269 836
462484 14476 406
462609 182134 1674
462786 564848 1608
462903 342587 484
462974 954096 2660
463697 956785 550
464259 605270 1074
464499 841 1676
464512 93737 172
464537 941527 1565
464941 786958 2024
465146 747323 2440
465642 644013 1356
465690 948184 1950
465768 760881 2324
465855 809282 2048
465918 196467 514
465950 930392 346
466310 896012 208
466353 53468 450
466386 41762 408
466426 919104 1148
466791 236965 1152
467244 402616 1010
467445 219939 1449
467598 228105 380
467599 551377 1305
467637 687458 777
467677 383595 334
467999 445840 150
468119 401571 1104
468387 704937 12
468691 711856 1356
468748 446734 1230
468772 165390 534
468798 586974 140
468965 499252 1716
468996 971174 1596
469232 408067 511
469305 321984 2605
469320 324201 1376
469338 545814 1780
469665 922234 1002
469886 211108 420
470073 605478 1044
470276 543951 436
470350 608404 554
470709 138161 271
470722 389031 36
470795 489742 866
470835 805922 2795
471179 138342 1835
471344 164802 694
471484 537684 1764
471783 584051 810
472055 263589 1300
472525 873712 808
472863 724176 2945
473022 250306 1495
473181 337112 1260
473374 438351 341
473524 335036 285
473628 517016 956
473638 636150 1581
473711 848180 351
474098 57167 598
474438 509172 429
474704 954574 138
474934 218608 1948
475170 948728 846
475271 7958 1004
475284 28846 420
475799 679228 1106
476316 757750 243
476417 734274 1468
477030 859692 1208
477104 512458 569
477138 758987 1460
477139 784960 2930
477550 71514 458
477669 401282 385
477711 82393 616
477731 295450 552
477865 526202 26
477891 167907 1785
477904 297291 1016
478537 706217 1260
478709 519053 277
478881 161858 714
479201 943318 1182
479445 390152 746
479614 4680 1044
479667 867505 862
479790 589346 294
479921 556242 482
479987 245979 1192
480012 202055 958
480050 943530 1232
480095 707526 2515
480444 690828 1520
480491 708349 60
480541 360701 795
480635 246928 699
480879 44851 668
481130 257224 261
481450 648502 506
481634 390201 2255
481714 740664 388
481822 631288 392
481916 145475 416
482417 162001 315
482427 84859 2890
482691 451515 107
482799 776986 591
482851 537975 1060
483113 404949 420
483483 212300 862
484049 207694 404
484251 386526 1784
484266 566100 370
484933 222457 444
485585 435581 400
485626 403339 388
485628 173765 486
486050 950541 1578
486342 85891 220
487211 162817 496
487280 75285 1468
487490 262755 610
487803 653903 369
487976 49330 76
489071 859139 120
489309 52947 105
489709 366543 2935
489714 203959 42
489786 674174 282
489968 336106 2525
490554 402291 342
490731 506616 78
490911 152159 60
491120 753329 2470
491266 632757 672
491321 251034 1044
491876 408126 240
491882 996991 237
492056 194343 2116
492057 173588 1071
492182 628054 524
492183 176194 217
492379 392028 356
492416 702191 40
492897 29766 48
492966 606876 1314
493246 686972 588
494043 5528 292
494071 421879 942
494223 80440 1945
494255 748285 1852
494357 483296 1335
494519 431439 288
494571 187908 500
494843 372132 1424
494910 468274 275
495025 983792 520
495244 942108 300
495349 689837 415
495354 531663 136
496058 655889 396
496308 699104 19
496323 983419 525
496626 693324 2120
496691 898723 1425
497053 355557 1964
497291 947679 640
497344 163453 824
497414 962394 2345
497515 290768 800
497623 480375 2925
497681 437589 510
497849 44246 360
498680 244024 1455
499030 156633 128
499261 682139 516
499474 781694 442
499625 287944 87
499671 746269 2244
500093 36410 1410
500242 540038 606
500343 930592 10
500502 949943 456
501046 394250 345
501321 457962 1000
501425 901217 2032
501773 441178 1690
501778 123534 680
502264 542242 157
502395 113019 1572
503015 447234 1620
503623 114193 2072
503834 598336 680
503878 756098 561
504085 758615 1130
504399 842906 285
504972 408352 759
505458 531897 175
505617 470458 1144
506209 793848 792
506577 546430 716
506578 352356 495
506587 429531 8
506721 522146 2880
506749 563440 500
507267 15992 1653
507336 732288 1803
507425 61184 1665
507435 479972 204
508043 912745 355
508256 667886 2280
508351 545323 1756
508532 611726 375
508743 283314 135
508837 465974 56
508926 184542 422
509029 858279 1596
509122 539717 860
509263 223189 135
509313 672992 812
509419 271951 642
509547 754977 786
509579 212374 558
509833 635422 1350
509845 972207 93
510080 755867 56
510457 708545 2328
510546 95611 335
510858 587155 878
510870 805730 680
510926 388803 126
511326 582785 345
511889 284654 363
512039 916788 2415
512138 250247 240
512451 760046 366
513592 577497 2160
513725 596669 1236
513767 304518 736
513962 185109 376
514476 802814 1250
514794 97047 1212
514916 170678 284
514916 170678 284
515013 187089 378
515108 692767 700
515311 140128 268
515343 776573 1172
515470 919209 144
515526 390773 533
515821 322367 2965
516011 988714 1728
516178 850505 213
516222 871187 536
516336 394812 210
516538 487886 415
518062 654100 288
518467 431378 584
518538 428074 963
518547 506859 272
518776 454935 1068
518853 964535 1446
519167 60870 198
519301 135376 276
519445 822678 540
519830 807808 728
519946 679422 1315
520162 782621 455
520184 136512 1065
520313 61574 1116
520904 560800 675
521075 497733 208
521570 885834 424
522001 424506 200
522279 513602 10
522313 453918 60
522454 621435 74
522959 412957 64
523350 603367 435
523633 965263 404
524080 356845 605
524110 299140 481
524289 861464 422
524316 942191 1659
524346 341850 462
525573 976959 471
525585 797298 1012
525918 177458 1034
526088 533348 172
526089 181003 522
526176 159448 2660
526504 777176 594
526820 646937 1860
527063 390884 262
527169 601227 315
527341 381444 1088
527726 889884 555
527763 989615 114
527779 792989 51
527840 161433 1542
528459 561334 261
528866 776321 614
528961 767171 66
529140 955080 1254
529278 960248 360
529389 531322 1165
529482 978519 872
529682 70432 1436
529714 695966 780
529801 729861 742
529847 197065 675
529862 259455 1022
529934 497721 1228
529990 692226 256
530001 698873 1060
530063 169366 2760
531023 417390 595
531089 353596 908
531345 791467 2655
531629 642463 54
531722 835595 500
531755 224285 1755
531918 165233 1565
532303 993174 404
532635 15930 2168
532675 502005 1740
532873 864026 2320
533020 741561 86
533120 237236 262
533138 31532 1018
533262 734029 2920
533289 290472 1685
533767 554902 6
533860 952334 2215
533946 744107 1134
534031 188655 720
534047 516192 70
534308 768274 1096
534630 203084 1254
534871 558457 399
534878 134889 609
535003 491699 579
535114 466618 1232
535149 374078 353
535365 569729 1152
535395 66047 1284
535514 213530 504
535551 794023 1455
535692 644456 72
536835 190540 576
536956 834086 484
537243 100334 826
537355 155376 996
537445 369715 2545
537534 262050 341
537648 684342 845
537801 520236 1450
538040 495422 1191
538618 209304 197
538735 841537 288
538805 981289 620
539144 416829 1160
539277 208587 1615
539502 452223 1220
539567 153527 40
539836 816180 292
540146 314497 954
540161 620408 1317
540623 846782 230
540756 727226 342
540848 970930 2835
541117 942530 1761
541123 737666 2605
541349 200852 894
541366 552544 780
541732 547932 484
541764 706861 866
542085 168749 1380
542377 846765 468
542494 870085 805
542638 605394 1617
542882 305505 382
542975 159524 455
542986 719094 579
543517 567654 468
543541 398608 888
543622 324469 636
543662 979644 1554
543733 540201 110
543779 274238 1984
544036 453897 1006
544254 592059 1200
544486 867873 430
544884 467673 456
545188 457300 1263
545369 923911 202
545377 813609 4
545402 621953 105
545544 728339 1497
545894 710512 94
545941 718300 253
546055 202928 2250
546231 591751 33
546251 421439 1713
546390 5910 272
546629 179049 327
547383 855212 235
547437 297475 244
547811 557009 1440
547860 49863 446
547888 336809 2380
547889 160334 391
548143 375571 417
548289 452569 1182
548290 458839 565
548295 846849 11
548315 752709 2348
549348 206929 1344
549686 875875 336
549723 485731 103
549961 628866 1536
550029 159556 333
550408 194317 571
550438 241712 1196
550508 415555 2085
550582 388605 1299
550675 247209 704
550716 199805 240
550907 142802 246
550942 929306 6
551095 473996 1416
551376 836265 578
551521 398788 32
552113 578980 13
552337 434413 456
552388 440359 566
552598 656235 293
552703 616264 2372
553139 171463 255
553591 344477 1518
553738 271971 1608
554064 398202 232
554081 732292 2830
554165 267781 12
554436 741383 1710
554469 376008 90
554688 449496 252
554900 374099 759
555711 605311 454
555760 719158 546
555868 246768 1164
555883 266916 285
556360 32053 580
556649 633135 52
556662 419779 1916
557356 636537 1960
557361 26608 165
557480 955976 448
557716 516067 56
557819 665498 12
557909 403046 606
557969 540883 70
558058 150370 1719
558613 198014 2285
558794 668327 456
558836 508943 106
558972 138749 73
559366 250077 1724
559563 195924 410
559890 301137 952
559955 426589 2720
560002 620991 1030
560004 623146 288
560088 539510 1098
560397 882324 353
560575 380255 130
560621 23505 860
560622 452593 984
561073 649241 2435
561077 779959 2124
561244 907167 1236
561323 566085 470
561601 443916 1446
561733 388078 884
562794 560064 348
563131 377920 1076
563154 923620 800
563161 333810 618
563340 344983 1156
563524 971535 2120
563587 369646 137
563611 864334 148
563833 187394 888
564206 601688 596
564446 678754 1218
565625 831323 195
565730 788242 768
565850 595898 332
566121 143598 1400
567003 544158 2144
567183 190270 2380
567197 209268 566
567479 932584 263
567498 100277 352
567525 482354 876
567598 320759 1050
568466 241459 1316
568721 723397 740
568855 928530 184
569029 466951 800
569040 693631 740
569172 625787 1138
569176 340794 700
569441 599648 1356
569793 443079 9
569805 582427 116
569820 879642 1629
570477 719436 100
570613 412830 148
570841 745310 2200
570906 983885 2835
571045 69683 681
571232 171356 488
571269 799647 1572
571725 48680 126
571727 690508 135
571759 862917 692
571839 399818 600
571937 816398 1800
571959 231609 202
572217 338069 2995
572595 159540 994
572763 825046 974
572773 408376 440
572773 408376 440
573188 267138 527
573583 22291 2048
573600 916890 87
573643 65313 756
573675 631838 1503
574018 604733 396
574134 353646 1844
574323 759013 1100
574785 766828 1696
574903 406305 2076
575733 314384 1172
576103 372033 2205
576273 121577 1198
576303 395046 1281
576419 125458 1365
576459 524607 261
577065 320577 378
577840 572649 108
577856 70948 98
577859 15977 2036
577912 804042 1044
578175 701656 1060
578246 869862 492
578350 418233 1012
578499 659974 480
578967 382818 2316
578976 74938 60
579193 50679 424
579204 737937 2510
579247 237383 234
579269 870147 572
579822 723808 438
580125 645024 1664
580209 542892 1016
580321 262287 678
580725 824269 444
580850 605138 63
580867 230646 129
581200 383588 530
581373 772287 495
581453 329574 1085
581567 205239 1912
581587 118673 339
581812 74991 375
582242 820385 880
582245 126345 1280
582259 821724 495
582267 307168 710
582351 306544 1930
582369 315577 1112
582440 817042 192
582475 632599 121
583197 921586 1564
583240 257547 6
583283 187927 2575
583368 932299 284
583374 466673 640
583777 990993 581
583889 560716 188
583983 965608 135
584250 958220 2690
584294 471452 1092
584351 539070 1325
584432 291766 414
584452 534544 994
584869 90609 1656
585116 666560 552
585299 799725 1100
586045 692995 351
586426 567673 2380
586716 446757 14
586788 801503 2520
586946 95317 237
587012 207256 1044
587293 184981 1212
587550 410662 2515
587974 114955 624
588001 307662 33
588050 381086 62
588565 172960 526
588590 664527 14
588887 375130 1050
589049 867862 95
589199 358604 392
589657 535053 525
590163 30040 33
590545 258330 1800
590598 829661 228
590664 970563 540
590774 53077 820
590903 361384 148
591040 34122 1072
591197 790778 1058
591214 872948 282
591459 865499 23
591715 203680 314
591718 73838 2380
592152 975970 333
592525 340887 68
592969 799106 696
593018 797322 1155
593035 526676 2352
593103 57886 1002
593131 106569 519
593510 908613 1550
593784 879961 68
593870 595434 1776
593883 765852 735
593961 820403 1405
594151 477922 93
594340 334165 369
594389 131369 126
594552 748072 343
594774 157350 2070
594781 347905 945
594980 344918 1002
594990 993936 1155
595161 757694 599
595710 463258 472
595732 476826 818
595862 63184 425
595880 644029 1975
596216 497525 936
596248 593701 598
596253 751191 466
596281 431339 927
596360 630499 1305
596376 504573 696
596807 625407 2455
597296 102364 416
597457 415373 1460
597736 73752 168
598037 344177 395
598166 809506 162
598183 99512 740
598203 880142 1182
598259 983233 2505
598707 369127 200
599281 206832 1015
599309 694645 856
599745 482900 473
599781 732441 1865
599910 912287 591
599982 540953 394
599986 363049 452
600179 163749 345
600254 678239 880
600361 200629 1410
600565 821075 1
600591 579600 331
600611 991994 254
600819 786041 616
601122 457952 572
601390 60644 540
601471 62994 2240
601532 875606 360
601929 410268 143
602007 925573 335
602351 495226 1149
602932 358372 27
602984 426298 88
603134 303367 836
603238 712766 1560
603270 767262 2360
603467 22652 474
603578 708584 1900
603749 528036 514
604230 360545 459
604312 858118 1504
604327 616171 906
604337 224543 1420
604810 935967 666
604831 413072 602
604855 141755 608
604857 422754 544
604912 951372 300
605038 736055 1160
605078 418712 10
605117 45587 105
605168 567322 1595
605170 828684 105
605217 67488 580
605231 628806 1275
605367 348553 166
605565 202762 328
605634 541672 2196
605644 811440 1384
605891 990778 2655
606306 961316 1424
606438 984723 736
606483 840639 585
606858 469313 1030
607147 892982 962
607148 136845 430
607377 396880 210
607390 581739 304
607850 774537 1209
608127 379646 2380
608393 181536 826
608865 4122 314
610103 322896 333
610117 497824 927
610519 83798 324
610702 810199 224
611067 437856 525
611105 888783 1860
611335 529984 250
611351 971357 1372
611658 84551 896
611685 827491 2735
612790 535304 760
613048 394665 130
613399 893720 1676
613741 470694 418
613947 761 2052
614080 339646 1608
614168 127472 164
614367 248838 1264
614513 756326 940
614587 993247 2276
614679 965062 1053
614808 754070 310
615671 192614 2188
615718 686190 1098
616203 596874 134
616938 88975 785
617283 820985 2076
617515 754275 1179
617637 547862 6
617670 241120 1240
617750 743353 564
618090 333141 360
618254 564770 2820
618505 929808 2060
618737 992473 915
618933 248293 1221
619153 772025 1245
619491 127207 820
619591 863110 1936
619969 632594 328
620476 388783 295
620907 310341 632
621023 791042 708
621288 696954 2305
621310 630676 165
621361 369298 555
621415 315488 915
621848 312034 2650
622113 60441 1761
622386 822963 1212
622809 757361 464
623050 50790 1164
623138 71428 112
623331 380517 200
623408 477713 2300
624001 909023 477
624616 650883 993
624705 527800 2295
624893 694707 344
624916 952138 1232
625211 336807 78
625218 573354 1182
625383 495867 2590
625665 10418 526
626050 352717 495
626329 306635 323
626424 107699 441
626870 236858 136
627243 379758 2035
627456 903994 94
627923 390044 1488
627957 123626 1930
628381 550965 996
628482 802770 912
628546 553895 1520
628642 998046 1070
628967 400063 880
628983 764926 1011
629257 28094 1023
629635 655481 1972
630122 110659 250
630196 223351 876
630202 727415 861
630238 34992 524
630312 105411 532
630594 778589 2515
630643 30204 40
631092 676302 2250
631337 721669 362
631340 37322 1617
631638 156843 388
631744 204647 26
631966 952528 299
632101 342207 1120
632314 548867 2760
632478 271183 1686
632512 265423 1620
632557 760290 510
632589 813093 340
632752 896208 309
632848 471716 1160
633102 347012 1737
633122 932116 2420
633127 871890 875
633494 42574 891
633707 470387 148
634166 474247 149
634255 652528 890
634775 602381 374
634972 760010 1475
635042 494435 312
635359 680414 1575
635398 190997 1746
635603 892135 372
635623 695520 1240
635807 959013 327
636001 209801 758
636047 434905 2890
636114 680972 327
636677 351181 1172
636726 605031 884
636778 415392 543
636834 615128 1600
636877 523123 492
637135 343249 117
637210 370366 458
637334 418753 2335
637895 872353 116
637991 801300 758
638125 211688 1176
638417 302145 108
638472 92971 1138
638582 357124 2590
638717 821216 187
638824 7655 519
639075 655507 1242
639178 481632 546
639252 52283 1599
639269 776083 902
639386 157704 48
639951 712996 302
640131 900793 125
640627 813244 1225
640655 376181 2124
640835 268997 1320
641488 669324 900
642436 77988 1401
643073 357263 816
643159 741295 1365
643561 708028 515
643634 362087 2365
643640 691257 1065
643730 558449 2400
644432 385359 309
644442 636263 786
644449 11368 1056
644507 319374 250
644608 239138 140
644706 147354 500
644731 226260 728
644754 74927 423
644821 167396 106
645117 726423 1740
645204 14919 2375
645611 161588 2820
646169 116736 193
646175 208200 1000
646432 56791 550
646472 357910 76
646799 88910 159
646899 179409 636
647194 817882 440
647230 807447 1368
647476 822637 615
647535 512519 68
647772 244319 98
647996 878038 212
648109 158026 1140
648158 450650 351
648416 646689 1028
648590 977989 170
648754 284039 580
649039 659489 268
649161 896364 270
649376 678461 1284
649547 668198 344
649612 200514 996
649785 344055 990
649884 264686 904
650222 756429 2790
650345 647890 1656
650552 561387 930
650572 516446 440
650687 638253 262
651758 600820 2
651770 81312 1326
651839 905837 740
652020 998921 342
652123 522075 222
652350 11354 380
652537 19455 335
652593 969123 2000
653089 185906 2216
653341 257832 1455
653388 812071 1128
653490 75868 1311
653780 127040 1371
654004 871369 1518
654039 758058 796
654143 730078 310
654256 534302 1355
654363 40432 1584
654470 76542 652
654517 874166 1488
654651 94194 161
654788 946876 191
654868 430358 492
654874 831028 36
654988 403371 2368
655002 434687 334
655093 154604 2170
655192 499747 1458
655328 769129 312
655653 377875 1755
655790 908629 392
655858 264267 69
655879 577998 258
655942 545881 2016
655964 434434 250
656001 814829 348
656434 873675 101
656434 873675 101
656563 862910 519
656653 36133 1820
657030 303207 1604
657053 382248 2565
657157 817089 1500
657318 281182 2850
657378 678663 1377
657744 171404 202
657971 758647 520
658192 851147 1340
658216 131419 924
658304 918321 522
658442 727686 1304
658799 321015 236
658997 234566 561
659325 236882 916
659355 154135 165
659416 711402 930
659734 941735 1178
659895 343187 1014
659895 343187 1014
660047 392608 996
660512 88895 1064
660513 617579 296
660522 37040 70
660963 998532 1712
661010 637185 1540
661741 758245 1150
662477 23054 589
662521 265480 14
662645 406265 980
662808 112135 2620
663104 180917 313
663144 871270 547
663354 380328 2840
663371 308543 777
663383 789251 315
663481 398683 1404
663744 10788 2730
664163 698004 1485
664297 421496 563
664513 885171 1344
664850 23472 165
665062 150648 429
665125 403419 1014
665302 846845 1353
665432 916055 252
665495 365249 428
665517 883991 1068
665710 608449 1198
665976 749796 25
666048 463308 1670
666184 609304 878
666422 371832 710
667244 816074 427
667430 64689 298
667454 38613 429
667715 432444 118
667889 151795 531
668099 792010 206
668112 398492 1790
668117 931536 774
668456 569326 600
668481 308793 1644
669057 870146 261
669073 378776 255
669099 885514 394
669106 788557 506
669258 717045 212
670008 585541 726
670251 884616 200
670510 339683 442
670895 909021 820
671052 431228 2356
671181 949400 31
671496 265844 414
672009 876648 96
672102 136705 312
672158 466925 1996
672214 680155 723
672276 99593 315
672355 440855 131
672586 640877 210
672921 364510 1904
673674 770273 38
673784 140315 2905
674033 13015 1480
674219 462274 1095
674370 988151 144
674436 507839 2070
674441 998405 2255
674811 715972 342
674858 313705 431
675293 816009 720
675652 417128 740
675661 996739 1026
675685 676330 296
675852 284636 1341
675888 469126 1062
676078 954069 897
676171 13270 1030
676256 27671 1835
676453 519426 2292
676856 602420 491
677218 866770 10
677410 796372 788
677799 44530 213
678140 636730 20
678178 959752 658
678204 691202 2420
678348 275451 2550
678675 218343 146
678873 405714 856
679159 755354 86
679409 272918 686
679914 795839 297
680078 113751 494
680099 61317 64
680717 980031 1143
680731 230721 1496
680863 71783 418
681007 669160 162
681156 802661 1251
681320 57010 822
681967 401876 306
682191 691686 334
682399 865455 856
682906 836748 2935
682955 528290 2108
682961 84743 506
683086 947910 2325
683128 462168 365
683200 60312 1008
683280 296684 291
683312 843984 355
683513 55118 1180
684099 955474 1800
684173 765894 2605
684397 190839 903
684690 558090 748
684839 756049 591
685141 327864 2430
685203 629536 1659
685585 645335 524
685824 767306 198
685892 665903 1158
685894 153409 359
685964 739896 1386
686236 894867 1572
686671 345941 169
686796 342206 1431
686825 643912 1360
687077 69620 1200
687199 122660 976
687941 722149 120
688128 225064 2525
688242 106392 1488
688385 186540 215
688636 381477 578
688700 40792 360
689754 665612 180
689863 392066 1617
690241 466400 2250
690337 498030 814
690373 323044 1044
690524 921896 89
690576 373305 597
690674 220352 996
690693 129476 189
690718 546946 1268
690836 162252 1525
690902 960435 824
691365 437137 14
691468 598498 1260
691497 309320 1612
691519 844871 568
691761 998382 328
692032 941589 1359
692098 727281 1791
692592 545456 1340
692612 991531 2530
692722 414202 529
692794 387821 232
692861 275564 598
692878 573223 105
693029 630708 2024
693113 388062 1344
693230 421592 1944
693233 212058 662
693446 563498 1348
693724 665529 467
694217 655696 1008
694340 615071 2232
694507 605919 708
694615 346236 805
694617 816005 2610
694621 835761 450
694641 657547 916
694949 660547 35
695272 27625 380
695379 430948 740
695393 777142 275
695492 754466 580
695771 326201 2184
695999 863803 132
696493 406340 523
696810 178678 570
696859 818532 1440
696923 743001 143
697033 562123 1560
697344 868930 1445
697405 330097 425
697707 276004 267
697882 598359 966
698101 769549 384
698243 481759 125
698343 130517 490
698812 116839 1415
698987 519761 948
699085 579242 38
699126 815930 807
699735 493002 144
699781 509916 142
701126 806079 310
701878 269227 480
702151 387855 1770
702171 715422 2575
702212 687986 225
702245 980828 876
703277 156849 432
703339 440984 1068
703452 909676 789
703714 72706 1128
703807 715700 2825
703989 527206 572
704132 514980 2016
704538 695165 1096
704831 771456 272
704934 560151 588
705080 345143 1082
705380 607469 79
705563 203234 12
705590 711669 1195
705797 825116 726
705958 666290 1740
706098 938069 2660
706226 792621 1767
706428 909167 609
706452 42576 1090
706482 547797 828
706557 574062 1848
706647 336432 385
706842 206078 504
707023 268387 282
707513 818507 2180
707732 54468 650
707873 962280 202
707941 518725 356
707963 105201 1228
708109 867195 2890
708313 788251 294
708334 671127 928
708399 197619 1976
708462 910062 1630
708739 485611 130
709151 162338 573
709295 939865 1685
709719 59734 468
709721 888569 1371
709894 89964 2304
710037 853327 660
710347 705733 1412
710465 873402 1260
710647 783871 90
710942 250803 2215
711216 668419 2120
711336 264587 10
711404 927322 543
711430 922858 310
711735 873397 906
711774 336560 1115
711999 441551 170
712009 143844 171
712099 158647 2480
712376 265015 1797
712446 500123 90
712845 881697 1348
713468 706629 354
713768 630775 543
714066 971665 816
714601 432135 866
714907 877747 14
715006 695576 394
715135 926223 785
715618 481642 2560
715630 40126 1380
715954 702357 560
716027 976540 692
716116 718706 197
716430 221628 1464
716434 392141 372
716766 275324 2205
716925 814374 324
716939 391712 335
717439 203059 1650
717705 535550 2188
717818 687359 846
718047 544065 1644
718253 120502 660
718461 445562 488
718509 105410 640
718515 42089 124
718736 232314 1145
718738 697350 1268
718880 833392 284
718976 250910 237
719199 805104 316
719386 804787 1155
719813 785171 976
719830 826905 382
719911 636293 486
720158 981654 1790
720187 359040 2080
720556 217678 188
720648 288986 1400
720666 798872 230
721031 651075 388
721285 391545 2455
721419 190070 2212
721488 493347 505
721857 510677 440
721882 635629 231
722089 461988 1518
722103 344544 1082
722378 316429 1810
722688 10559 392
723212 138859 378
723587 196616 1032
723589 302060 305
723678 184763 1124
723841 572997 672
723918 355112 440
724379 373526 2730
724520 197352 286
724573 45475 160
724826 389797 232
724902 516310 1467
725035 358465 492
725439 663446 252
725874 224523 329
726075 267359 1364
726223 112304 2248
726289 47240 2336
726366 33091 474
726377 769244 620
726495 593377 1795
726684 288433 2295
727055 605813 716
727128 28690 545
727144 778905 666
727194 695160 2595
727360 569156 1305
727370 215428 1728
727503 660246 1053
727665 207984 963
727840 17512 1788
727883 974987 1696
727939 429960 346
728378 847943 918
728461 610247 144
728894 897205 1380
729129 247188 348
729296 695561 336
729490 590297 670
729549 655116 465
729560 268331 576
729923 291842 2745
729992 466073 2155
730204 576627 648
730240 784523 600
730282 230404 1419
730338 857952 922
730359 90322 288
730511 630901 1178
730596 450811 73
730878 967110 319
730894 922937 1205
730996 235873 1042
731283 844941 406
731301 827682 54
731341 552364 108
731513 514354 2935
731687 25746 286
731726 873160 2745
732068 351289 1008
732500 316775 1677
732727 251546 668
733224 639149 975
733279 940513 1590
733445 543925 263
733839 356059 300
733907 836768 190
734020 382321 280
734403 769390 230
734733 314108 682
734985 629720 2315
735074 693252 1564
735823 889306 1648
736006 318246 820
736062 482178 2320
736326 718038 440
736459 480349 299
736503 315383 1164
736854 706902 255
737015 595726 32
737145 960552 2540
737435 184915 888
737902 815617 1545
738161 648419 1550
738501 26936 531
739192 209045 1864
739434 137931 296
739501 21866 1082
739533 38242 483
739661 529973 516
740051 982967 150
740059 827999 1835
740081 801746 429
740276 270267 1275
740617 501846 68
741022 730975 1137
741041 50739 138
741085 364429 472
741172 685690 2745
741240 418448 2225
741282 314719 219
741441 355612 122
741475 873574 1221
741879 876014 790
742789 581303 2265
742827 941123 1242
742858 202326 912
743540 557926 1710
743693 710412 65
743910 929052 1560
744220 612987 197
744325 439123 522
744435 419885 1940
744760 331882 1400
744780 706780 298
745514 124600 2415
745708 274638 685
746699 492145 269
746835 914824 495
746838 552270 314
747305 281321 1260
747351 539331 270
747571 336236 864
747729 744948 504
747822 953911 496
748379 655375 1014
748477 169714 2076
749117 578771 1575
749767 654640 170
749791 876627 23
750629 148067 710
750666 497817 1892
750856 12329 754
750958 939760 1270
752122 676108 1368
752406 128254 445
752553 853556 337
752835 991956 1058
752842 817105 133
752894 76938 900
753075 537230 822
753595 674960 1557
753760 594280 820
753882 242055 644
754321 527860 20
754432 917220 710
754447 525748 700
754531 913079 1192
754715 478036 528
754785 396036 936
754850 846524 82
754976 456252 384
755074 348437 84
755246 531834 158
755272 430451 576
755311 305527 332
755417 902100 246
755512 402264 240
755537 487994 2520
755852 443922 546
755853 366854 1970
755871 959049 987
755969 533223 350
756138 600344 270
756382 949315 632
756395 902299 2850
757031 758144 536
757095 519640 1017
757129 603364 630
757397 915286 456
757507 14082 1955
757707 337157 432
757807 899187 2725
757859 120011 2510
757876 816451 1278
758015 359291 646
758039 773721 146
758389 37136 2855
758410 271148 956
758543 458562 996
758622 194760 1590
758692 329854 188
758738 730142 2328
758748 291560 528
759486 784509 120
759535 53349 391
759715 543573 1794
759780 529043 164
759838 189141 1083
759924 390145 66
760230 542817 969
760300 138100 2325
760378 652784 382
760542 283664 966
761002 825339 44
761211 786368 120
761584 699192 380
762889 344391 548
763174 728465 1164
763260 311622 81
763336 884129 99
763651 224529 1992
763918 623351 852
764424 596317 874
764589 731338 888
764605 229791 1095
764672 949246 958
764909 403566 364
765066 138073 1975
765296 511904 578
765373 393938 2650
765400 869466 909
765414 926468 2485
765607 17662 1530
766175 805117 836
766288 639800 1062
766363 490755 201
766404 55885 412
766790 796009 1422
766916 271129 483
766967 59134 885
766988 853420 730
767138 855634 42
767240 474123 970
767726 571830 561
768647 322014 1308
768741 286093 1092
768771 793101 2025
768949 755818 1092
769025 584684 1160
769089 522459 20
769147 272572 1470
769165 365833 790
769190 927984 1479
769344 946289 2240
769517 817192 1494
769531 598421 1090
769673 897712 916
770235 584316 110
770428 279244 736
770698 490226 2048
771320 839921 352
771610 825811 295
771688 731584 2940
771849 940601 453
772188 284781 1084
772218 635897 538
772241 947686 424
772282 876498 324
772450 710361 1620
772563 496727 404
773145 705218 414
773648 429412 525
773682 431072 1110
774134 706664 321
774259 853777 300
774436 447803 280
774484 257278 1888
775235 533162 2635
775399 424786 448
775450 738434 1365
775632 866096 545
775717 84298 536
776000 432966 1743
776014 596612 728
776029 755154 1845
776066 147507 996
776255 546446 215
776280 817238 687
776395 194496 1716
776867 401198 2750
776879 917608 892
777234 282043 80
778060 144431 60
778086 626711 574
778683 329466 2352
778697 139304 1350
779135 776042 1776
779428 95324 466
779543 76247 544
779754 169441 2155
779772 300274 210
779926 429223 861
780061 323420 776
780235 647429 940
780307 731051 1620
780692 780478 243
780810 817376 1176
780823 669319 1048
781197 207662 2356
781252 668819 1089
781343 861241 50
781452 703851 1024
781605 780042 864
781642 306308 357
782045 767506 1554
782166 350651 1240
782490 59438 560
782564 147582 848
782727 974457 1545
783576 291740 1164
783781 886971 1824
783991 414812 55
784373 931674 963
784374 483678 195
784463 213890 924
784469 831703 1764
784819 121043 526
784927 779246 222
784957 356583 2540
785174 926450 1125
785233 432341 300
785334 443237 220
785620 567661 478
785887 621784 1107
786248 541223 424
786452 239899 1320
786746 229277 1488
787453 70473 120
787978 793745 1685
787986 543603 186
788051 57637 1092
788104 64555 1868
788496 132983 510
788936 233973 2715
788996 683396 196
789772 53647 27
789951 352237 561
789954 363514 1497
790249 888081 1656
790665 474746 1232
790688 302673 2265
790856 351280 492
790863 427421 845
790936 34521 612
791276 201413 1032
791487 676222 537
791804 736906 1209
792021 537646 112
792032 891346 1440
792424 429639 690
792429 258159 191
792696 938025 568
792741 571004 1955
792965 190382 944
792972 583702 656
793008 43060 375
793408 966187 365
793443 914733 208
793452 225294 2068
793732 677921 1533
793984 818815 1896
794210 593431 1848
795535 380001 335
795542 183990 44
796061 177673 2050
796175 233405 1336
796294 52941 2550
796484 822071 495
796792 197587 814
796815 368601 204
796937 542649 544
797168 905080 38
797399 754024 429
797536 86603 88
797922 817883 648
798409 261040 2910
798782 491264 1599
798826 441413 1436
798874 356838 264
798932 574580 1686
799003 735140 620
799133 469251 1020
799254 740445 386
799283 500719 868
799288 397396 595
799457 686486 2376
799505 584156 1895
800397 92542 795
800759 652590 2850
800833 596317 180
800921 905282 1810
800999 453681 1224
801252 853066 261
801317 201819 251
801425 183454 444
802244 956373 2384
802314 604426 980
802402 187936 852
802564 683147 61
802600 22383 344
803323 512238 100
803520 496728 2100
803669 254449 1575
804402 494685 924
804455 289031 474
804699 85038 540
804946 734777 374
805363 315041 875
805390 336418 358
805565 580244 119
805615 388558 160
805643 181703 1860
805924 320906 2170
806343 869998 600
806566 242548 78
806718 65065 1830
806834 535160 530
806991 872489 1407
807121 831371 2040
807279 940200 510
807394 960250 387
807444 182670 1720
807799 274336 141
807825 221328 252
807893 445409 570
808300 594846 1371
808362 247794 1716
808396 107453 99
808577 234895 474
808770 955488 790
809092 351444 1300
809425 421983 2670
809450 775031 1094
809485 571278 372
809744 509806 1161
809975 248878 1985
811094 223716 2685
811175 638287 1960
811264 46464 632
811630 721694 275
811695 899733 2020
812274 844920 1162
812592 432102 970
812689 734317 956
812999 4848 1724
813025 22640 1485
813068 929386 536
813608 574971 744
813756 417343 2380
813959 452195 165
814050 447821 72
814191 605695 525
814459 693161 396
814623 790361 820
814624 495007 1744
814655 285919 900
814687 853062 255
814977 835635 468
814988 720517 660
815128 94640 1116
815134 231650 451
815308 803450 508
815483 711925 190
815636 943575 106
815647 134911 132
815649 280663 378
815661 893251 1473
815694 444577 846
815700 691240 2264
815948 823484 1164
816025 671129 385
816107 505611 612
816589 410868 2080
816694 490245 1072
816972 729157 263
816979 583900 1064
816994 986140 1752
817009 96747 100
817082 80489 165
817100 760305 375
817281 433206 45
817395 17251 465
817667 639012 2700
817687 285467 1118
817794 469398 60
817824 303031 1108
817862 266311 140
817962 624954 305
818040 649160 2280
818244 452625 2510
818333 91067 115
818341 631716 752
819145 870665 1347
819258 199555 420
819752 719657 916
819945 219730 465
820122 291557 1545
820160 69002 1720
820323 935672 304
820430 589809 760
820466 72375 244
820638 921919 442
820950 430656 984
821029 871559 400
821074 310290 1605
821094 478776 134
821229 854763 672
821576 19514 570
822047 681437 1124
822138 482106 284
822432 180719 459
822660 711520 920
822888 351300 432
822961 21479 976
822965 722500 397
823193 726825 1072
823273 435925 850
823313 21539 1985
823521 272554 84
823844 161160 266
824121 677140 568
824125 423565 1190
824156 381130 866
824296 341601 1200
824479 150690 2015
824559 172474 288
824707 495341 862
824874 453479 759
825267 541084 1383
825295 571571 526
825516 599876 2975
825566 633116 1118
825971 886339 1566
826017 700381 1200
826157 19215 267
826402 30501 368
826513 936853 50
826523 954373 315
826663 769204 42
826944 4276 1008
827628 781503 255
827632 14805 449
827664 619460 2108
827782 845277 688
828119 260019 2895
828579 720653 97
828608 458689 348
828649 546306 412
828975 990065 2012
829029 471255 460
829128 368910 444
829415 198607 34
829547 903771 1076
829555 242584 480
829563 22401 22
830018 530358 1104
830087 359055 266
830319 219521 1281
830774 580929 816
830806 618631 252
830861 569834 145
831019 331300 1605
831078 794760 2750
831115 998851 664
831128 441363 666
831535 60588 2640
831605 550922 1020
831787 835283 1149
831926 184483 589
832454 312550 1575
832538 613592 579
832707 823239 1112
833138 412142 2005
833222 50169 1284
833321 285052 1080
833926 981694 458
833965 219011 1188
834438 192550 1425
834634 233647 2500
834900 550811 1119
834971 162829 2400
835250 892348 1492
835308 223111 772
835345 271476 1192
835518 454660 16
835611 990355 388
835671 756941 546
835687 376412 496
835812 812367 279
836050 744652 432
836161 492582 2625
836205 321352 780
836379 998579 136
836501 625260 555
836578 731381 98
837302 317061 804
837585 923191 2400
838999 652041 566
839339 885621 355
839529 250421 297
839621 217024 1002
839745 188498 273
840323 530228 1524
840444 586680 254
840793 952617 1022
841249 607513 544
841368 379187 466
841843 461874 1225
842759 264916 756
842811 158608 976
842909 387741 219
842991 79018 624
843196 877008 510
843913 52178 2288
844339 969491 1662
844392 453837 40
844435 843693 994
844729 119704 515
844738 30056 986
844832 71134 99
844933 554574 138
844967 776528 1497
845470 914078 236
845548 760340 2510
845589 354967 100
845601 61258 41
845615 733741 462
845679 98868 890
845722 963786 1756
845877 223173 91
846225 865224 1175
846394 2349 1235
846431 338416 1584
846483 944814 588
846552 343731 509
846648 315430 642
846651 202047 131
846706 210233 504
846838 175609 375
846990 652356 2930
847484 973623 2810
848063 791697 1263
848459 643323 1000
848664 235069 106
849126 379054 1638
849492 18262 280
850292 307880 333
850344 765449 147
850812 452147 1172
850812 452147 1172
850948 47033 1764
850960 173836 458
851417 144992 47
851558 354666 1299
852067 223699 600
852518 136569 1191
852979 526630 2705
853011 328534 1125
853055 327172 942
853195 2691 96
853219 936361 517
853627 759905 1676
854231 535042 855
854251 785742 509
854498 719272 2144
854539 98508 528
855165 667422 712
855291 408714 1560
855592 122236 130
855855 189008 2404
856378 338653 76
856731 494733 428
857488 887526 76
857491 161604 1920
857516 21360 1170
857568 61137 1060
857742 288760 1398
857880 966280 1190
858195 300720 1008
859115 958345 75
859390 314956 2050
859419 618242 608
859740 207483 377
859927 918309 1660
860697 867093 768
861083 725044 1572
861146 222160 1816
861216 529811 658
861244 178689 940
861253 401487 294
862112 726812 1585
862313 697 956
862626 836053 884
862737 949441 555
862744 974353 2015
862987 789818 46
863527 38139 2385
863562 293374 1212
863737 306326 1158
863758 808843 2235
864116 400620 410
864246 993793 1020
864297 435988 116
864306 179094 1292
864707 341542 135
864989 598488 458
865027 923914 1584
865454 686054 90
865476 498426 1731
865551 813178 330
865769 76623 978
866219 461563 816
866485 837824 478
866617 573778 390
866760 781547 1050
866901 799322 567
867074 420017 267
867355 18404 459
867377 603397 1052
867443 38427 1164
867843 736230 896
868195 299110 315
868641 323702 120
868871 736611 2196
868883 345199 596
868941 148075 516
868960 244938 1744
869079 571329 2440
869163 578829 330
869281 764149 1494
869616 571717 2425
869655 107798 384
869675 21874 518
869861 947012 1458
869878 657640 1174
869885 646870 142
869924 712638 768
870216 1450 1623
870552 421382 2265
870723 972309 1374
870863 215213 2308
870899 780538 477
870919 729324 585
871159 807258 1620
871519 161664 1512
871535 558451 2710
871715 265966 270
872020 21226 189
872237 310496 1552
872611 900976 2995
872666 754670 1190
872916 659552 680
872996 712214 575
873052 337625 223
873061 951297 554
873095 4450 543
873150 390493 214
873167 569304 1056
873308 419256 806
873574 346953 2276
873794 772454 213
873818 125600 1608
874737 215072 2255
875189 817714 54
875273 231132 2248
875320 220183 537
875516 915267 281
875619 416460 18
875657 169016 443
875791 503980 204
875891 4604 281
876003 157484 1180
876297 922222 650
876417 514171 627
876546 261425 1420
876604 86247 2276
876624 279316 268
876838 387761 344
877675 132709 726
877682 966392 199
877740 966686 2120
877985 273809 910
878084 797753 217
878545 676221 200
878937 540755 1782
879099 112186 1825
879261 814329 573
879550 210916 780
879551 65998 1260
879927 938513 1820
880086 890188 352
880436 531436 455
880479 626424 380
880822 52068 1176
881360 323618 27
881373 594853 237
881384 420782 82
881642 548456 2840
881971 89445 246
882942 92859 1200
883457 970377 1773
883549 736647 752
884030 433757 55
884232 252992 377
884240 218290 922
884399 456402 15
884416 987680 302
884835 694871 1280
885021 485344 411
885120 703792 2575
885550 391995 620
885622 785410 2265
885817 92291 914
886041 604823 992
886265 606962 479
886372 459217 1180
886515 473596 1245
886727 629148 362
886865 310249 233
886871 952620 520
886895 680968 1004
887051 223707 202
887080 931055 1936
887195 545989 890
887424 463015 224
887488 249179 738
887529 40822 600
887755 582826 1134
888112 57930 2490
888318 984468 748
888894 871758 446
889537 864412 530
889549 229720 298
889649 451529 1595
889773 447580 108
890012 624242 241
890117 808871 1527
890172 245536 1110
890221 452336 1088
890237 871135 583
890477 285240 764
890552 864048 1160
890866 577989 149
891345 533956 480
891708 730000 451
891763 291909 176
891907 396078 2175
891975 506261 52
892501 494624 1659
892760 243873 1344
892892 928712 81
893301 465701 2220
893530 378405 155
894381 327227 96
894474 190120 2700
894554 781017 828
894586 159907 2830
894744 839551 636
894754 321757 1098
894846 12698 498
895203 402905 626
895214 594662 644
895288 896359 1089
895313 27056 981
895462 123101 390
895792 922167 865
895899 727723 1412
895960 181095 738
895996 383305 390
896094 289951 493
896696 317743 606
896745 993946 285
897440 535461 66
897483 891966 516
897557 918252 885
897566 518665 198
898438 799579 2304
898493 482861 124
898642 592610 458
898649 982410 458
899329 975821 1028
899799 286644 234
899886 187494 242
900171 590981 317
900377 886595 1320
900668 849171 507
900709 747607 1510
901438 846019 680
901729 929132 265
901819 907616 568
901898 957298 1401
902018 655936 156
902151 194213 594
902201 386218 406
903217 238625 49
903233 454347 1572
903312 96374 1653
903480 591674 477
903686 765083 2055
903900 283684 590
904656 714716 230
904920 36956 363
905061 584733 1146
905349 637471 685
905674 71214 828
905689 411341 672
906755 312286 507
906977 282358 888
907386 69039 652
907474 839726 105
907576 219186 584
907775 411116 447
908059 468051 453
908087 363856 2255
908303 802010 1170
908518 852555 37
908531 911204 1347
908546 923712 600
908611 53694 1497
908964 373543 798
909000 873470 1662
909292 131736 196
909304 555950 164
909413 576824 1825
909736 368178 2165
909754 695005 1494
910078 336095 946
910748 797961 117
910755 454424 1020
911624 600667 1952
911696 11073 1317
912281 419329 522
912674 394241 51
912693 691954 589
912781 480877 672
912791 66978 252
913147 305088 604
913259 112602 732
913960 729298 10
914304 92665 339
914329 408264 565
914330 654665 522
914538 633238 111
914609 47177 77
914629 24527 2075
914830 221466 760
914963 541663 594
914986 721236 1140
915403 663248 1760
915681 209510 1556
915747 218658 1850
915929 90233 1683
916057 924555 608
916305 324451 2055
916511 130762 1840
916694 740547 466
916803 354664 360
917048 835788 2400
917078 307480 281
917162 581587 536
917905 410613 429
917977 211519 2375
918075 230723 1000
918147 233369 104
918248 588024 1422
918343 288993 525
918530 826293 644
918549 183181 845
919129 46109 2192
919137 61604 423
919166 136772 1940
919192 350243 1575
919360 343650 942
919706 412036 336
920078 860133 824
920081 97147 1455
920096 372082 496
921169 106484 1120
921195 193106 201
921256 324793 1767
921532 470060 1185
921698 583384 404
921743 706281 1292
921777 104994 960
921807 869389 1518
921897 782876 624
921900 606638 996
921994 462579 1080
922371 434729 575
922460 614127 720
922499 847186 960
922591 329136 596
922696 29110 216
922703 101059 492
922754 668577 2300
922794 496094 108
922952 673841 57
922956 124309 598
923144 400311 1270
923220 149620 140
923287 750700 71
923412 572010 753
923518 441902 1350
923800 902419 3000
923810 407322 1155
924241 992932 136
924251 278575 962
924301 806043 400
924697 595549 1164
925506 618064 628
925518 924466 825
925971 835340 1476
926066 919833 254
926072 708885 2115
926075 533170 100
926847 153152 1830
927133 15959 459
927141 177948 1590
927198 892339 432
927491 242470 288
928007 30577 1548
928237 740118 67
928346 360821 771
928473 534502 2224
928527 941244 484
928631 577983 381
928662 381246 333
928665 374613 2028
928699 594648 994
928705 898979 1650
928740 452987 942
928867 821457 2535
929079 978709 212
929232 617757 1210
929252 371697 1095
929293 50557 514
929303 551398 606
929408 417891 1585
929985 352061 489
930046 257842 714
930443 914888 1400
930571 530605 542
930590 59051 310
930599 928933 1624
931149 53054 232
931202 291582 1563
931353 840808 45
931632 69247 32
931808 508859 1524
931809 971853 1140
932099 652028 567
932228 647343 888
932312 907853 78
932321 653907 566
932763 555884 2
932867 140521 20
934198 826671 40
934455 356523 500
935382 687365 1707
935596 709317 1734
935623 232596 546
935634 487406 504
935844 986597 651
936334 512575 2144
936803 387974 341
936993 569233 816
937457 193207 52
937537 8844 2575
937540 22668 1113
938058 4060 2910
938419 669533 275
939501 128690 2140
939506 140491 888
939528 73108 896
939841 372864 131
940030 781781 704
940076 2969 2305
940195 111022 1965
940450 790911 220
940581 572315 378
940709 336210 1772
941002 291805 500
941040 829382 1221
941136 845752 816
941146 484406 620
941214 287539 1348
941638 653499 27
941943 731530 458
942048 241497 1680
942134 344252 184
942517 550115 258
942727 920442 364
942999 333461 48
943144 126803 584
943222 124610 816
943469 949956 720
943491 755155 1525
943775 278418 126
943959 824252 192
944298 82612 1812
944618 183728 426
945250 132658 605
945658 182816 792
945670 462683 148
945729 81940 1419
946249 145535 208
946526 870974 150
946685 388147 69
947274 185719 1112
947445 561453 209
947519 976193 1110
947580 922068 1164
947794 412006 1735
947798 538795 177
947817 704633 1002
948305 381632 852
948439 405160 1315
948475 548844 1098
948767 957603 478
949032 327853 456
949157 57308 1504
949330 102075 494
949369 166470 360
949736 753586 1022
949791 370570 2276
949812 920247 151
949965 823371 2030
950015 781938 296
950361 186625 753
950634 320892 196
950911 554815 127
951020 988150 51
951070 974217 1952
951272 143876 448
951830 171645 1495
951837 802982 1740
951891 428180 916
952106 47857 921
952135 432630 645
952172 977606 558
952229 907690 342
952360 776212 1980
952398 884579 1041
953238 756294 1625
953415 550800 292
953437 4786 360
953564 653429 1360
953602 769154 1014
953770 185283 92
954054 971242 594
954310 852348 562
954385 527231 124
954505 166883 240
954662 290342 1880
954706 140171 1660
955114 733810 1172
955330 364080 575
955752 228830 1835
955777 273593 350
956235 929967 1118
956372 819666 1042
956704 675285 1896
956736 160860 1344
956764 425775 582
956831 791707 660
957350 107638 448
957364 491400 978
957682 305196 491
957743 320837 995
957809 912442 644
958320 478333 2340
958686 318990 1058
958720 572016 289
959423 683172 844
959863 319316 2730
959888 100988 482
959998 510576 992
960023 57250 636
960040 504291 1828
960044 820992 354
960592 824774 134
960736 383712 2370
960960 826494 337
961655 917084 1719
961925 752946 1572
962179 422759 1325
962842 595058 2024
963347 833505 1415
964053 336089 187
964158 686785 1098
964711 286156 134
965162 777494 780
965473 289625 1563
965481 145096 1047
965748 255637 894
965889 75027 810
966042 601913 2210
966114 529287 1684
966156 5356 904
966193 923202 1792
966459 244596 276
966791 285789 1172
966966 645028 1096
967644 854824 1630
967768 25784 303
968033 133590 1542
968169 84432 1569
968324 475463 879
968623 841392 72
968682 253869 1203
968937 153002 1244
969639 600060 296
969705 287571 458
969786 944027 136
969958 58604 132
970293 662853 208
970363 210661 1516
970648 251899 2895
970658 560601 612
970775 593889 105
970782 427051 969
971014 272153 34
971111 605952 1232
971131 720332 870
971393 203534 528
971568 967 330
971851 587203 955
972013 329741 885
972114 726215 1705
972604 903349 185
973061 246113 330
973541 582333 182
973729 364820 1176
973950 80888 927
973960 704292 485
974032 617862 225
974097 654579 310
974144 26838 1580
974148 297876 768
974563 410191 268
974606 785913 579
974899 455051 656
974981 56779 271
974996 769734 2348
975153 724092 1004
975307 546349 882
975375 88202 118
975474 915303 1700
975638 721235 816
975859 92167 516
976367 308224 52
976488 775514 1395
977093 890873 396
977121 477960 1145
977184 353312 1330
977327 942966 2245
977904 29814 1347
977931 913584 1300
978083 564108 994
978656 218088 640
978934 999576 920
979126 146198 675
979193 535828 942
979650 737275 1263
979668 706571 1419
979872 352610 103
980025 383191 185
980207 385532 1431
980294 315855 2035
980609 682580 1556
981018 944892 594
981134 817640 359
981296 119829 2640
981309 915781 300
981465 593306 271
981919 333074 160
981950 932443 1032
982181 500686 444
982337 381309 1458
982732 220373 750
982937 606228 1685
983258 238046 233
983301 48136 1152
983314 539699 264
983318 758752 1710
983532 744735 1640
984094 372398 111
984491 711534 1776
984539 628956 1230
984846 595266 1430
985367 410035 1617
985609 844739 608
985690 8058 1620
985702 846189 936
985981 633682 188
986380 820350 1794
986457 501363 168
986579 929042 377
987529 238555 2560
988099 390097 424
988115 322138 489
988138 877849 870
988981 355336 285
989562 8203 126
989577 745554 120
989878 62539 1632
990161 135089 1984
990247 998709 102
990412 895697 966
990464 7198 485
990916 784054 315
991025 288686 557
991125 228644 1230
991205 148119 442
991427 18693 400
991740 269486 843
991936 754941 820
992002 639676 1494
992290 656620 744
992340 12172 52
992516 471421 586
992678 712512 2565
992898 383594 1596
992926 494736 1924
993073 267391 575
993283 940634 1674
993551 948662 223
993889 419933 1640
994433 977415 462
995063 735120 1548
995224 560177 178
995267 868913 42
995332 133062 1052
995626 499645 684
996076 551585 836
996136 338671 212
996397 548763 474
996493 821494 1200
996754 128840 1491
996946 160788 2715
997092 544707 1812
997210 446253 257
997460 664485 188
997492 989133 456
997511 12807 1924
997954 792053 32
998054 241478 650
998104 158846 148
998519 665202 385
998545 766301 378
998607 123590 808
998750 429082 1232
999392 293853 2360
